0	966456	332832	1392381	915564	1523701	1452860	1547685	965543	1055458	1442046	127807	1489619	1044791	1193966	1563646	1514365	1013887	1518266	1616606	984548	1313312	982759	1316658	1762748	1658803	1099349	959731	940955	1226909	194482	1202467	959822	1356180	984619	1042604	1330296	836490	1319617	455663
966456	0	657244	434896	126529	566215	490942	590199	2339	108424	475981	1072799	523554	81203	244579	597580	548300	49105	552201	650541	139273	347247	16694	350593	796682	692738	133284	7194	60918	260844	797978	236402	7284	390115	19838	76539	364230	141361	353551	845845
332832	657244	0	1087341	610524	1218660	1147819	1242645	660503	750418	1128578	439175	1176151	731323	880498	1250178	1200897	700419	1204799	1303138	671081	999844	669291	1003191	1449280	1345335	785881	646263	627487	913441	152623	888999	646354	1042712	671151	729136	1016828	523022	1006149	230415
1392381	434896	1087341	0	545851	363902	644196	157931	434189	428235	181079	1498724	179168	375741	375704	774329	426042	383638	111623	315479	533621	585914	424696	249364	965285	880905	372621	439748	481947	177156	1223903	468331	439839	56748	415825	389376	569321	567286	469418	1271770
915564	126529	610524	545851	0	678483	541016	702468	125764	241389	589658	1021907	637231	208747	372122	637156	661977	170246	665879	764219	80739	386822	138189	464271	836258	732313	227380	128663	75132	374521	747086	275977	128754	503793	140978	190217	403806	90469	467229	794953
1523701	566215	1218660	363902	678483	0	377759	354423	568696	648159	181725	1630043	236942	550447	627789	505794	146908	514957	365286	155833	664940	486491	556016	236722	696750	612370	478290	571067	613266	305510	1355222	491424	571158	311940	547144	520695	387869	698605	287177	1403089
1452860	490942	1147819	644196	541016	377759	0	678264	481228	571573	475296	1559202	558472	532866	714020	134032	251500	439798	672056	532692	506985	174733	480861	422208	324987	240607	374971	495794	495721	473009	1284381	245855	495885	602138	471989	414748	115438	627764	249312	1332248
1547685	590199	1242645	157931	702468	354423	678264	0	594228	588275	190557	1654028	131796	531045	531007	804779	479427	538941	70133	259198	688925	698393	580000	344870	995734	911354	527924	595052	637251	353871	1379207	604503	595143	214706	571128	544680	599770	722590	499079	1427074
965543	2339	660503	434189	125764	568696	481228	594228	0	110149	477997	1071886	525569	83332	246708	599596	550315	52836	554217	652557	138903	349263	18710	352609	798698	694754	135300	5545	60548	262860	797065	238417	5636	392131	23568	78555	366246	140448	355567	844932
1055458	108424	750418	428235	241389	648159	571573	588275	110149	0	557460	1161801	605033	62751	175330	689941	629779	146879	548263	732021	254527	439607	108120	432073	889043	785098	227453	113098	176172	342323	886980	328762	113189	393746	119299	167059	456591	230363	435031	934847
1442046	475981	1128578	181079	589658	181725	475296	190557	477997	557460	0	1545821	81073	453779	496297	602107	277279	426751	198821	175940	575194	497724	466270	166582	795065	710685	414194	481321	523521	215764	1265476	432952	481412	157150	457398	430949	399102	608859	298410	1313343
127807	1072799	439175	1498724	1021907	1630043	1559202	1654028	1071886	1161801	1545821	0	1609103	1145348	1299044	1675901	1611527	1114986	1614344	1713649	1088324	1417088	1086535	1420434	1866523	1762579	1203125	1063507	1044730	1330685	314395	1306242	1063598	1459956	1088394	1146380	1434071	940265	1423392	562204
1489619	523554	1176151	179168	637231	236942	558472	131796	525569	605033	81073	1609103	0	501352	521230	685283	360455	474324	161478	140933	643999	581705	535075	235387	879046	794666	482999	550126	592326	284569	1334281	501757	550217	182794	526203	499755	483083	677665	382391	1382149
1044791	81203	731323	375741	208747	550447	532866	531045	83332	62751	453779	1145348	501352	0	186199	649565	554440	96506	491361	634053	225294	394623	78886	357050	844058	740114	182468	83865	146939	242906	870526	283778	83956	336169	64371	122075	411606	213909	360009	918393
1193966	244579	880498	375704	372122	627789	714020	531007	246708	175330	496297	1299044	521230	186199	0	830719	683710	277660	491324	670385	389134	574214	242726	459760	1023649	919704	362059	247705	310779	344365	1024223	463368	247796	339604	253906	301666	591197	367606	569637	1072090
1563646	597580	1250178	774329	637156	505794	134032	804779	599596	689941	602107	1675901	685283	649565	830719	0	377570	554475	800465	661503	623684	257069	597559	549019	246004	103659	491669	612493	612419	599820	1401080	369350	612584	728949	588688	531447	242249	744463	376123	1448947
1514365	548300	1200897	426042	661977	146908	251500	479427	550315	629779	277279	1611527	360455	554440	683710	377570	0	499070	475113	302617	593027	342692	537499	231737	568526	484146	430613	552551	594750	338015	1336706	367246	552641	379732	528627	493386	244070	680089	192711	1384573
1013887	49105	700419	383638	170246	514957	439798	538941	52836	146879	426751	1114986	474324	96506	277660	554475	499070	0	499258	598563	161004	304142	40958	301364	753577	649633	91987	54348	105647	211614	840165	193296	54439	340886	32087	31594	321125	183548	304322	888032
1518266	552201	1204799	111623	665879	365286	672056	70133	554217	548263	198821	1614344	161478	491361	491324	800465	475113	499258	0	292281	649241	701534	540316	305256	991420	907040	488241	555368	597567	315799	1339523	583951	555459	168221	531445	504996	595456	682906	494765	1387390
1616606	650541	1303138	315479	764219	155833	532692	259198	652557	732021	175940	1713649	140933	634053	670385	661503	302617	598563	292281	0	748546	649252	639621	339933	852458	768079	587546	654673	696872	389115	1438828	606303	654764	330502	630750	604301	550630	782211	449938	1486695
984548	139273	671081	533621	80739	664940	506985	688925	138903	254527	575194	1088324	643999	225294	389134	623684	593027	161004	649241	748546	0	369727	147353	449096	825017	706980	190438	141751	86843	360126	812162	258850	142404	490947	152866	164210	393894	154871	399110	858352
1313312	347247	999844	585914	386822	486491	174733	698393	349263	439607	497724	1417088	581705	394623	574214	257069	342692	304142	701534	649252	369727	0	340579	366288	493344	340366	240377	353280	359569	412591	1140926	115833	352112	543240	333944	278425	108211	483635	226830	1187116
982759	16694	669291	424696	138189	556016	480861	580000	18710	108120	466270	1086535	535075	78886	242726	597559	537499	40958	540316	639621	147353	340579	0	340172	798892	680856	131995	22263	71898	251201	810373	232725	21559	382023	10734	70362	367770	153082	343582	856562
1316658	350593	1003191	249364	464271	236722	422208	344870	352609	432073	166582	1420434	235387	357050	459760	549019	231737	301364	305256	339933	449096	366288	340172	0	740240	655469	253007	356626	397980	121122	1144272	279121	355458	201217	331166	305768	342112	486981	218365	1190462
1762748	796682	1449280	965285	836258	696750	324987	995734	798698	889043	795065	1866523	879046	844058	1023649	246004	568526	753577	991420	852458	825017	493344	798892	740240	0	198651	689812	802715	809004	791962	1590361	563969	801547	922611	783379	727861	429811	933070	567244	1636551
1658803	692738	1345335	880905	732313	612370	240607	911354	694754	785098	710685	1762579	794666	740114	919704	103659	484146	649633	907040	768079	706980	340366	680856	655469	198651	0	585868	698771	705060	707582	1486417	461324	697603	838231	679434	623916	345432	829126	482864	1532606
1099349	133284	785881	372621	227380	478290	374971	527924	135300	227453	414194	1203125	482999	182468	362059	491669	430613	91987	488241	587546	190438	240377	131995	253007	689812	585868	0	139317	176231	199126	926963	126835	138149	329947	121789	64462	261880	269672	236696	973153
959731	7194	646263	439748	128663	571067	495794	595052	5545	113098	481321	1063507	550126	83865	247705	612493	552551	54348	555368	654673	141751	353280	22263	356626	802715	698771	139317	0	62372	266253	787345	247659	177	397074	25197	85295	382704	130054	358633	833535
940955	60918	627487	481947	75132	613266	495721	637251	60548	176172	523521	1044730	592326	146939	310779	612419	594750	105647	597567	696872	86843	359569	71898	397980	809004	705060	176231	62372	0	308452	768569	247585	64049	439273	74511	127495	382630	111278	400832	814758
1226909	260844	913441	177156	374521	305510	473009	353871	262860	342323	215764	1330685	284569	242906	344365	599820	338015	211614	315799	389115	360126	412591	251201	121122	791962	707582	199126	266253	308452	0	1054523	294079	265709	127762	241416	216019	392914	397232	294914	1100713
194482	797978	152623	1223903	747086	1355222	1284381	1379207	797065	886980	1265476	314395	1334281	870526	1024223	1401080	1336706	840165	1339523	1438828	812162	1140926	810373	1144272	1590361	1486417	926963	787345	768569	1054523	0	1036246	787431	1181229	811449	873882	1171290	664530	1142788	297545
1202467	236402	888999	468331	275977	491424	245855	604503	238417	328762	432952	1306242	501757	283778	463368	369350	367246	193296	583951	606303	258850	115833	232725	279121	563969	461324	126835	247659	247585	294079	1036246	0	241267	425657	223098	167580	132764	372789	203040	1076270
959822	7284	646354	439839	128754	571158	495885	595143	5636	113189	481412	1063598	550217	83956	247796	612584	552641	54439	555459	654764	142404	352112	21559	355458	801547	697603	138149	177	64049	265709	787431	241267	0	397165	25288	85386	382794	130145	358724	833626
1356180	390115	1042712	56748	503793	311940	602138	214706	392131	393746	157150	1459956	182794	336169	339604	728949	379732	340886	168221	330502	490947	543240	382023	201217	922611	838231	329947	397074	439273	127762	1181229	425657	397165	0	370687	345290	522043	526503	424043	1229984
984619	19838	671151	415825	140978	547144	471989	571128	23568	119299	457398	1088394	526203	64371	253906	588688	528627	32087	531445	630750	152866	333944	10734	331166	783379	679434	121789	25197	74511	241416	811449	223098	25288	370687	0	61490	358898	154941	334710	858422
1042604	76539	729136	389376	190217	520695	414748	544680	78555	167059	430949	1146380	499755	122075	301666	531447	493386	31594	504996	604301	164210	278425	70362	305768	727861	623916	64462	85295	127495	216019	873882	167580	85386	345290	61490	0	301657	212927	299468	916408
1330296	364230	1016828	569321	403806	387869	115438	599770	366246	456591	399102	1434071	483083	411606	591197	242249	244070	321125	595456	550630	393894	108211	367770	342112	429811	345432	261880	382704	382630	392914	1171290	132764	382794	522043	358898	301657	0	500618	171280	1204099
836490	141361	523022	567286	90469	698605	627764	722590	140448	230363	608859	940265	677665	213909	367606	744463	680089	183548	682906	782211	154871	483635	153082	486981	933070	829126	269672	130054	111278	397232	664530	372789	130145	526503	154941	212927	500618	0	486171	710293
1319617	353551	1006149	469418	467229	287177	249312	499079	355567	435031	298410	1423392	382391	360009	569637	376123	192711	304322	494765	449938	399110	226830	343582	218365	567244	482864	236696	358633	400832	294914	1142788	203040	358724	424043	334710	299468	171280	486171	0	1193420
455663	845845	230415	1271770	794953	1403089	1332248	1427074	844932	934847	1313343	562204	1382149	918393	1072090	1448947	1384573	888032	1387390	1486695	858352	1187116	856562	1190462	1636551	1532606	973153	833535	814758	1100713	297545	1076270	833626	1229984	858422	916408	1204099	710293	1193420	0