14.0590355 99.4255029
16.4523604 99.5140016
13.8188209 100.577309
15.9302262 102.0159272
19.9803833 99.85029259999999
18.8067966 98.9862534
14.7998943 100.6220915
13.7337274 100.4912606
13.8369101 100.0273826
14.9846388 102.1137011
8.4611704 99.8611136
15.6883365 100.107617
13.7322176 100.4902976
14.9891321 103.1001641
13.8785649 100.5912186
14.3485211 100.5631976
16.8299369 100.2075576
13.0716941 99.97660180000001
16.4512386 101.1515884
7.911126800000001 98.3843692
16.2007537 103.2709784
6.5487676 101.2896628
16.1406304 103.880842
13.6770464 101.0713648
12.6637766 102.1034655
18.2340167 99.4874366
17.5401742 101.7202848
14.0744968 100.6177881
15.1163785 104.3595923
17.1898909 104.0915104
7.171360399999999 100.6137327
13.7757176 100.509186
9.084370999999999 99.36431549999999
14.8594004 103.4871784
13.6214974 99.5888741
17.3973893 102.7942974
17.6334887 100.0935269
15.3511513 104.627731
13.7707332 100.5038589
13.2297671 100.9575336
14.0366751 100.7276619
13.7707332 100.5038589
13.795885 100.300487
18.8103199 98.9526672
7.201235999999999 100.5999827
13.8679746 100.4827964
14.987727 102.117727
13.7382832 100.5324698
13.8484754 100.5723925
16.4743065 102.8221956
18.8046684 98.9550333
7.1622338 100.6094837
13.6512734 100.4965236
13.819137 100.5142878
14.8817715 102.0206962
14.071202 100.6168924
13.780698 100.5057854
13.2859354 100.9255796
19.0284228 99.8962444
14.8146655 103.506037
13.8024807 100.2929358
13.7944407 100.3255938
18.8946321 99.01086160000001
20.0447877 99.89426859999999
8.6415683 99.89736239999999
13.7456143 100.5648154
13.7532001 100.4900574
7.009178299999999 100.4973163
13.7758875 100.510363
14.0395107 100.6153646
13.7685608 100.34508
13.7225324 100.8015004
15.2650516 104.8435186
13.8732782 100.5996574
13.7388186 100.6271427
13.705429 100.076464
15.105267 104.392451
9.1263218 99.3183797
15.7333816 100.0587506
14.101513 100.432688
13.8105323 100.5608329
13.8422302 100.8554904
13.7162926 100.3474851
13.8707137 100.5506872
13.8940945 100.6163122
18.6623211 98.9191889
13.7351273 100.6614036
14.6736685 101.1767858
18.2571071 99.53741819999999
14.0139192 100.549156
18.7949696 99.03270669999999
16.803805 100.3299665
6.5986936 101.3435207
18.771083 98.975229
15.6968515 100.1127614
16.4219552 102.8163804
13.9689192 100.5875707
13.7803171 100.6383269
15.2361622 104.8167389
13.8236187 100.4598332
15.0023835 102.1175937
13.721284 100.530093
14.344943 99.80371
13.8556296 100.5854846
13.7213053 100.4533478
13.7785495 100.5600899
13.6129241 100.7591558
6.979908699999999 100.4654114
38.9393194 -77.0870757
14.001544 100.719213
13.7073399 100.3561055