156899.0 2167937.0
195253.0 3012334.0
162238.0 2252912.0
184910.0 2657353.0
167318.0 2321324.0
167455.0 2379971.0
156899.0 2167937.0
167144.0 2376328.0
144840.0 1921258.0
181130.0 2631237.0
180936.0 2626862.0
167455.0 2379971.0
144840.0 1921258.0
196675.0 3012546.0
162238.0 2252912.0
172346.0 2402656.0
167318.0 2321324.0
180936.0 2626862.0
191626.0 2894067.0
190204.0 2893855.0
191626.0 2894067.0
195406.0 2920183.0
195406.0 2920183.0
190204.0 2893855.0
148673.0 1998858.0
187027.0 2843255.0
164113.0 2359237.0
186785.0 2763678.0
182746.0 2670680.0
182883.0 2729327.0
153411.0 2113694.0
186716.0 2839612.0
163802.0 2355594.0
179696.0 2646743.0
199280.0 3121050.0
187621.0 2844163.0
153701.0 2080190.0
185035.0 2731718.0
158645.0 2177739.0
191813.0 2845010.0
177278.0 2489182.0
173634.0 2464337.0
171482.0 2488687.0
163967.0 2325728.0
156042.0 2128308.0
163725.0 2246151.0
174221.0 2508981.0
158918.0 2207249.0
149267.0 1999766.0
182572.0 2725684.0
163802.0 2355594.0
179696.0 2646743.0
171171.0 2485044.0
159512.0 2208157.0
148673.0 1998858.0
158918.0 2207249.0
140148.0 1837159.0
176438.0 2547138.0
172399.0 2454140.0
158918.0 2207249.0
141247.0 1846085.0
188033.0 2818894.0
160268.0 2270614.0
167637.0 2400064.0
180201.0 2654761.0
173498.0 2463066.0
187839.0 2814519.0
182883.0 2729327.0
177343.0 2551689.0
180007.0 2650386.0
171482.0 2488687.0
159823.0 2211800.0
153701.0 2080190.0
185035.0 2731718.0
154606.0 2084741.0
187774.0 2752012.0
164714.0 2234485.0
161070.0 2209640.0
160268.0 2270614.0
167637.0 2400064.0
141352.0 1867015.0
188138.0 2839824.0
189043.0 2844375.0
195746.0 3036070.0
140148.0 1837159.0
191983.0 2928447.0
164113.0 2359237.0
174221.0 2508981.0
174221.0 2508981.0
187839.0 2814519.0
177448.0 2572619.0
180007.0 2650386.0
172399.0 2454140.0
182746.0 2670680.0
159686.0 2153153.0
156042.0 2128308.0
201863.0 3170742.0
194348.0 3007783.0
191762.0 2895338.0
199445.0 3013181.0
204913.0 3194679.0
189610.0 2892947.0
201863.0 3170742.0
190204.0 2893855.0
198329.0 3085762.0
195665.0 2987065.0
194566.0 2978139.0
189610.0 2892947.0
198329.0 3085762.0
195770.0 3007995.0
191762.0 2895338.0
195406.0 2920183.0
204913.0 3194679.0
194566.0 2978139.0
191626.0 2894067.0
190204.0 2893855.0
191626.0 2894067.0
195406.0 2920183.0
195406.0 2920183.0
190204.0 2893855.0
172365.0 1997751.0
210719.0 2842148.0
177704.0 2082726.0
200376.0 2487167.0
182784.0 2151138.0
182921.0 2209785.0
172365.0 1997751.0
182610.0 2206142.0
160306.0 1751072.0
196596.0 2461051.0
196402.0 2456676.0
182921.0 2209785.0
160306.0 1751072.0
212141.0 2842360.0
177704.0 2082726.0
187812.0 2232470.0
182784.0 2151138.0
196402.0 2456676.0
214724.0 2892052.0
213302.0 2891840.0
214724.0 2892052.0
218504.0 2918168.0
218504.0 2918168.0
213302.0 2891840.0
165238.0 1837598.0
187853.0 2296311.0
180783.0 2218907.0
203261.0 2618973.0
221583.0 3054349.0
206175.0 2731687.0
164733.0 1829580.0
205670.0 2723669.0
182861.0 2260581.0
204896.0 2646743.0
220441.0 3028052.0
203087.0 2673977.0
172655.0 1964247.0
210235.0 2731718.0
170072.0 1914555.0
210872.0 2749997.0
192744.0 2318996.0
194690.0 2350409.0
192643.0 2395689.0
175289.0 2041614.0
177098.0 2014380.0
175152.0 1982967.0
190891.0 2368651.0
175483.0 2045989.0
168877.0 1943508.0
209814.0 2837597.0
187005.0 2374509.0
209040.0 2760671.0
196476.0 2505974.0
179122.0 2151899.0
158671.0 1647174.0
163888.0 1774233.0
146107.0 1392477.0
164805.0 1766427.0
200525.0 2533457.0
199608.0 2541263.0
156818.0 1696829.0
211236.0 2837809.0
187510.0 2382527.0
196981.0 2513992.0
209545.0 2768689.0
193108.0 2406808.0
197942.0 2483765.0
197025.0 2491571.0
192914.0 2402433.0
209351.0 2764314.0
196787.0 2509617.0
179433.0 2155542.0
176694.0 2057245.0
214274.0 2824716.0
174111.0 2007553.0
214911.0 2842995.0
184219.0 2157297.0
186165.0 2188710.0
187405.0 2361597.0
196876.0 2493062.0
156713.0 1675899.0
211131.0 2816879.0
208548.0 2767187.0
224985.0 3129068.0
156208.0 1667881.0
180245.0 2126806.0
184317.0 2303887.0
194736.0 2457274.0
225117.0 3139329.0
210626.0 2808861.0
192809.0 2381503.0
209246.0 2743384.0
192498.0 2377860.0
206989.0 2708328.0
179191.0 2075965.0
181137.0 2107378.0
192332.0 2392046.0
174978.0 2037971.0
182126.0 2095712.0
180180.0 2064299.0
190891.0 2368651.0
175483.0 2045989.0
220441.0 3028052.0
203087.0 2673977.0
220946.0 3036070.0
204509.0 2674189.0
193798.0 2369837.0
192881.0 2377643.0
205401.0 2654761.0
188964.0 2292880.0
194690.0 2350409.0
192744.0 2318996.0
202950.0 2615330.0
188459.0 2284862.0
207092.0 2723881.0
205670.0 2723669.0
207092.0 2723881.0
210872.0 2749997.0
210872.0 2749997.0
205670.0 2723669.0
147735.0 1645903.0
170350.0 2104616.0
163280.0 2027212.0
185758.0 2427278.0
204080.0 2862654.0
188672.0 2539992.0
146636.0 1636977.0
187573.0 2531066.0
164764.0 2067978.0
186799.0 2454140.0
202344.0 2835449.0
184990.0 2481374.0
164659.0 2047048.0
202239.0 2814519.0
162076.0 1997356.0
202876.0 2832798.0
184748.0 2401797.0
186694.0 2433210.0
198200.0 2721521.0
180846.0 2367446.0
182655.0 2340212.0
180709.0 2308799.0
196448.0 2694483.0
181040.0 2371821.0
155367.0 1814074.0
177982.0 2272787.0
170912.0 2195383.0
193390.0 2595449.0
204080.0 2862654.0
188672.0 2539992.0
150675.0 1729975.0
169445.0 2100065.0
162270.0 2001731.0
178164.0 2292880.0
182009.0 2381503.0
184885.0 2460444.0
162375.0 2022661.0
193709.0 2674189.0
166220.0 2111284.0
200293.0 2783106.0
184853.0 2422727.0
182114.0 2402433.0
200331.0 2816879.0
191612.0 2624064.0
200436.0 2837809.0
207020.0 2946726.0
204080.0 2862654.0
188672.0 2539992.0
154862.0 1806056.0
188167.0 2531974.0
161765.0 1993713.0
177659.0 2284862.0
199826.0 2808861.0
188167.0 2531974.0
151374.0 1751813.0
192311.0 2645902.0
169502.0 2182814.0
191537.0 2568976.0
202033.0 2831806.0
184679.0 2477731.0
169397.0 2161884.0
201928.0 2810876.0
165358.0 2068886.0
195787.0 2715863.0
185291.0 2453033.0
187393.0 2455048.0
202938.0 2836357.0
185584.0 2482282.0
206977.0 2929355.0
200836.0 2834342.0
197243.0 2759169.0
193216.0 2650453.0
151664.0 1718309.0
182998.0 2369837.0
160201.0 1891031.0
193369.0 2558302.0
193369.0 2558302.0
189725.0 2533457.0
155152.0 1772552.0
185581.0 2419529.0
159296.0 1886480.0
191827.0 2535472.0
192732.0 2540023.0
190630.0 2538008.0
159191.0 1865550.0
196771.0 2633021.0
156608.0 1815858.0
197408.0 2651300.0
189776.0 2483129.0
191722.0 2514542.0
181331.0 2272642.0
175085.0 2156699.0
177187.0 2158714.0
175241.0 2127301.0
182873.0 2295472.0
171597.0 2102456.0
169639.0 2131181.0
160920.0 1938366.0
169744.0 2152111.0
176328.0 2261028.0
181020.0 2345127.0
165612.0 2022465.0
169445.0 2126806.0
165418.0 2018090.0
173038.0 2201979.0
179179.0 2296992.0
179284.0 2317922.0
161930.0 1963847.0
157493.0 1820670.0
163739.0 1936613.0
154005.0 1766427.0
165281.0 1959443.0
161688.0 1884270.0
163634.0 1915683.0
174235.0 2199443.0
156881.0 1845368.0
174130.0 2178513.0
172184.0 2147100.0
173388.0 2176956.0
157980.0 1854294.0
164727.0 1967445.0
205664.0 2861534.0
182855.0 2398446.0
204890.0 2784608.0
192326.0 2529911.0
174972.0 2175836.0
159259.0 1785947.0
164476.0 1913006.0
146695.0 1531250.0
165393.0 1905200.0
201113.0 2672230.0
200196.0 2680036.0
156202.0 1805746.0
210620.0 2946726.0
186894.0 2491444.0
196365.0 2622909.0
208929.0 2877606.0
192492.0 2515725.0
193481.0 2504059.0
192564.0 2511865.0
188453.0 2422727.0
204890.0 2784608.0
192326.0 2529911.0
174972.0 2175836.0
165321.0 1968353.0
206258.0 2862442.0
183449.0 2399354.0
205484.0 2785516.0
215980.0 3048346.0
198626.0 2694271.0
172953.0 2136524.0
206258.0 2862442.0
179856.0 2324181.0
195750.0 2615330.0
217917.0 3139329.0
206258.0 2862442.0
183449.0 2399354.0
213878.0 3046331.0
187488.0 2492352.0
220019.0 3141344.0
205484.0 2785516.0
203382.0 2783501.0
187225.0 2453631.0
183198.0 2344915.0
190818.0 2528804.0
196959.0 2623817.0
192920.0 2530819.0
175566.0 2176744.0
164622.0 1946515.0
183392.0 2316605.0
169650.0 2027847.0
185544.0 2318996.0
171991.0 2075965.0
174867.0 2154906.0
162747.0 1840190.0
167964.0 1967249.0
150183.0 1585493.0
168881.0 1959443.0
196969.0 2558302.0
196052.0 2566108.0
152058.0 1691818.0
175784.0 2147100.0
165611.0 1934849.0
172980.0 2064299.0
167952.0 1982967.0
184309.0 2308799.0
196969.0 2558302.0
196052.0 2566108.0
206476.0 2832798.0
203672.0 2749997.0
207711.0 2842995.0
205559.0 2840604.0
183954.0 2407372.0
214383.0 3054349.0
183954.0 2407372.0
216485.0 3056364.0
193425.0 2538837.0
191323.0 2536822.0
176322.0 2239201.0
183691.0 2368651.0
160894.0 1889845.0
207680.0 2862654.0
207680.0 2862654.0
214383.0 3054349.0
157301.0 1814672.0
211719.0 2955652.0
187993.0 2500370.0
197464.0 2631835.0
220524.0 3149362.0
204087.0 2787481.0
197184.0 2599824.0
196255.0 2623348.0
189552.0 2431653.0
205989.0 2793534.0
205989.0 2793534.0
203887.0 2791519.0
187536.0 2457274.0
183509.0 2348558.0
191129.0 2532447.0
197270.0 2627460.0
193231.0 2534462.0
175877.0 2180387.0
205128.0 2793303.0
202976.0 2790912.0
201089.0 2700305.0
203893.0 2783106.0
202018.0 2676781.0
201101.0 2684587.0
196061.0 2618973.0
196990.0 2595449.0
203693.0 2787144.0
205795.0 2789159.0
209834.0 2882157.0
193397.0 2520276.0
194386.0 2508610.0
193469.0 2516416.0
203893.0 2783106.0
220330.0 3144987.0
216291.0 3051989.0
198937.0 2697914.0
163742.0 2054854.0
201322.0 2822325.0
161159.0 2005162.0
201959.0 2840604.0
171267.0 2154906.0
173213.0 2186319.0
167886.0 2168782.0
177357.0 2300247.0
137194.0 1483084.0
191612.0 2624064.0
189029.0 2574372.0
205466.0 2936253.0
137788.0 1483992.0
161825.0 1942917.0
165897.0 2119998.0
176316.0 2273385.0
206697.0 2955440.0
192206.0 2624972.0
184885.0 2460444.0
201322.0 2822325.0
184574.0 2456801.0
199065.0 2787269.0
171267.0 2154906.0
173213.0 2186319.0
154235.0 1780358.0
191815.0 2547829.0
151652.0 1730666.0
192452.0 2566108.0
184820.0 2397937.0
186766.0 2429350.0
158379.0 1894286.0
190910.0 2543278.0
154235.0 1780358.0
184664.0 2427335.0
189713.0 2545814.0
191815.0 2547829.0
150747.0 1726115.0
182081.0 2377643.0
159284.0 1898837.0
192452.0 2566108.0
192452.0 2566108.0
188808.0 2541263.0
161604.0 1909808.0
167850.0 2025751.0
158116.0 1855565.0
169392.0 2048581.0
161760.0 1880410.0
163706.0 1911823.0
164946.0 2084710.0
197477.0 2733702.0
164946.0 2084710.0
195375.0 2731687.0
172315.0 2214160.0
174417.0 2216175.0
169090.0 2198638.0
178561.0 2330103.0
138398.0 1512940.0
192816.0 2653920.0
185184.0 2485749.0
201621.0 2847630.0
141886.0 1567183.0
188672.0 2539992.0
157314.0 1916539.0
164683.0 2045989.0
195375.0 2731687.0
188672.0 2539992.0
186089.0 2490300.0
202526.0 2852181.0
193721.0 2658471.0
192792.0 2681995.0
200424.0 2850166.0
202526.0 2852181.0
160953.0 2022449.0
192287.0 2673977.0
161264.0 2026092.0
195337.0 2697914.0
171372.0 2175836.0
168633.0 2155542.0
156809.0 1908521.0
164178.0 2037971.0
133155.0 1390086.0
156881.0 1845368.0
180846.0 2367446.0
164489.0 2041614.0
141381.0 1559165.0
165418.0 2018090.0
169490.0 2195171.0
179909.0 2348558.0
202658.0 2862442.0
188167.0 2531974.0
187573.0 2531066.0
194870.0 2723669.0
188167.0 2531974.0
202658.0 2862442.0
202064.0 2861534.0
199014.0 2837597.0
156576.0 1828476.0
162822.0 1944419.0
153088.0 1774233.0
164364.0 1967249.0
156732.0 1799078.0
158678.0 1830491.0
184685.0 2464482.0
186787.0 2466497.0
177053.0 2296311.0
177982.0 2272787.0
174494.0 2218544.0
190931.0 2580425.0
176742.0 2292668.0
169445.0 2100065.0
180886.0 2406596.0
183936.0 2430533.0
192162.0 2599612.0
177671.0 2269144.0
169445.0 2100065.0
185882.0 2461946.0
170039.0 2100973.0
184530.0 2431441.0
179792.0 2316605.0
181738.0 2348018.0
184963.0 2262596.0
167609.0 1908521.0
174757.0 1966262.0
172811.0 1934849.0
183522.0 2239201.0
168114.0 1916539.0
189107.0 2376524.0
171753.0 2022449.0
189612.0 2384542.0
173175.0 2022661.0
162464.0 1718309.0
161547.0 1726115.0
189507.0 2363612.0
173070.0 2001731.0
178796.0 2059260.0
176850.0 2027847.0
187056.0 2324181.0
172565.0 1993713.0
176663.0 2076904.0
175241.0 2076692.0
176663.0 2076904.0
180443.0 2103020.0
180443.0 2103020.0
175241.0 2076692.0
161309.0 1744161.0
143955.0 1390086.0
161204.0 1723231.0
159258.0 1691818.0
160462.0 1721674.0
145054.0 1399012.0
166047.0 1858997.0
148693.0 1504922.0
165942.0 1838067.0
159801.0 1743054.0
156208.0 1667881.0
152181.0 1559165.0
155841.0 1562663.0
149595.0 1446720.0
155736.0 1541733.0
153790.0 1510320.0
157383.0 1585493.0
146107.0 1392477.0
156713.0 1675899.0
147994.0 1483084.0
156818.0 1696829.0
163402.0 1805746.0
168094.0 1889845.0
152686.0 1567183.0
190012.0 2381075.0
172658.0 2027000.0
194051.0 2474073.0
187910.0 2379060.0
184317.0 2303887.0
180290.0 2195171.0
189418.0 2380167.0
172064.0 2026092.0
193457.0 2473165.0
177020.0 2111284.0
167513.0 1836788.0
166596.0 1844594.0
194556.0 2482091.0
178119.0 2120210.0
190517.0 2389093.0
188415.0 2387078.0
180783.0 2218907.0
181712.0 2195383.0
171001.0 1891031.0
170084.0 1898837.0
172876.0 1997356.0
170072.0 1914555.0
174111.0 2007553.0
171959.0 2005162.0
168405.0 1817360.0
162159.0 1701417.0
164261.0 1703432.0
162315.0 1672019.0
169947.0 1840190.0
158671.0 1647174.0
174972.0 2007784.0
172870.0 2005769.0
179116.0 2121712.0
162679.0 1759831.0
166167.0 1814074.0
165238.0 1837598.0
177912.0 2091856.0
161475.0 1729975.0
173768.0 1977928.0
171822.0 1946515.0
176560.0 2061351.0
162069.0 1730883.0
157436.0 1636977.0
164733.0 1829580.0
165662.0 1806056.0
180153.0 2136524.0
171927.0 1967445.0
168877.0 1943508.0
186900.0 2353579.0
179385.0 2190620.0
176799.0 2078175.0
184482.0 2196018.0
189950.0 2377516.0
174647.0 2075784.0
186900.0 2353579.0
175241.0 2076692.0
183366.0 2268599.0
180702.0 2169902.0
179603.0 2160976.0
174647.0 2075784.0
183366.0 2268599.0
180807.0 2190832.0
176799.0 2078175.0
180443.0 2103020.0
189950.0 2377516.0
179603.0 2160976.0
184295.0 2245075.0
182873.0 2244863.0
184295.0 2245075.0
188075.0 2271191.0
188075.0 2271191.0
182873.0 2244863.0
