171970.0 2366588.0
166313.0 2281816.0
232585.0 3667799.0
203067.0 3092962.0
203067.0 3092961.0
223728.0 3516524.0
177309.0 2451563.0
170052.0 2333539.0
220779.0 3338213.0
192724.0 2737981.0
194324.0 2771232.0
215122.0 3253442.0
203187.0 3002184.0
220202.0 3321854.0
204787.0 3035436.0
234284.0 3728558.0
175269.0 2460598.0
176732.0 2435203.0
218349.0 3286901.0
195677.0 2882460.0
173279.0 2366999.0
173416.0 2425646.0
232431.0 3693605.0
194077.0 2849208.0
171970.0 2366588.0
166313.0 2281816.0
204476.0 3031793.0
174958.0 2456956.0
173105.0 2422003.0
193766.0 2845566.0
159911.0 2119909.0
150801.0 1966933.0
201528.0 2971607.0
188944.0 2711865.0
190544.0 2745116.0
197724.0 2921788.0
201334.0 2967232.0
233820.0 3627392.0
204787.0 3035436.0
204322.0 3057600.0
173416.0 2425646.0
190350.0 2740741.0
233820.0 3627391.0
197530.0 2917412.0
188750.0 2707489.0
175269.0 2460598.0
204322.0 3057599.0
194077.0 2849208.0
159911.0 2119909.0
150801.0 1966933.0
217073.0 3352916.0
204489.0 3093174.0
204489.0 3093173.0
211669.0 3269845.0
177309.0 2451563.0
170052.0 2333539.0
208215.0 3083516.0
180160.0 2483284.0
178307.0 2448331.0
199105.0 2930541.0
203187.0 3002184.0
204185.0 2998953.0
201334.0 2967232.0
247765.0 3975449.0
188750.0 2707489.0
173279.0 2366999.0
205785.0 3032204.0
195677.0 2882460.0
176732.0 2435203.0
190350.0 2740741.0
249365.0 4008700.0
197530.0 2917412.0
212024.0 3234437.0
244510.0 3894597.0
227536.0 3549320.0
227071.0 3571484.0
227382.0 3575126.0
244316.0 3890221.0
212024.0 3234437.0
258455.0 4242654.0
231275.0 3601043.0
232273.0 3597812.0
228845.0 3549731.0
244316.0 3890221.0
231275.0 3601043.0
248290.0 3920713.0
227536.0 3549320.0
257033.0 4242442.0
227382.0 3575126.0
228845.0 3549731.0
248290.0 3920713.0
244510.0 3894597.0
232273.0 3597812.0
227071.0 3571484.0
257033.0 4242442.0
258455.0 4242654.0
242910.0 3861345.0
206620.0 3151366.0
242716.0 3856970.0
229235.0 3610079.0
228924.0 3606436.0
218679.0 3398045.0
258455.0 4242654.0
206620.0 3151366.0
242716.0 3856970.0
229098.0 3551432.0
234126.0 3632764.0
224018.0 3483020.0
242910.0 3861345.0
246690.0 3887461.0
258455.0 4242654.0
257033.0 4242442.0
228924.0 3606436.0
234126.0 3632764.0
246690.0 3887461.0
224018.0 3483020.0
229098.0 3551432.0
229235.0 3610079.0
257033.0 4242442.0
218679.0 3398045.0
163744.0 2197509.0
158087.0 2112737.0
224359.0 3498720.0
194841.0 2923883.0
194841.0 2923882.0
215502.0 3347445.0
179184.0 2557888.0
171927.0 2439864.0
222654.0 3444538.0
253614.0 4112265.0
255214.0 4145517.0
216997.0 3359767.0
218615.0 3351540.0
249575.0 4019267.0
220215.0 3384792.0
249712.0 4077914.0
190697.0 2809954.0
206299.0 3136992.0
251175.0 4052518.0
212958.0 3266768.0
206299.0 3136991.0
190697.0 2809954.0
249712.0 4077913.0
211358.0 3233516.0
168482.0 2312345.0
162825.0 2227573.0
224048.0 3495077.0
194530.0 2920240.0
194530.0 2920239.0
215191.0 3343802.0
178873.0 2554245.0
171616.0 2436221.0
218304.0 3347897.0
187510.0 2727370.0
189110.0 2760622.0
212647.0 3263125.0
237888.0 3822204.0
248125.0 4028581.0
224953.0 3499628.0
249401.0 4074271.0
195435.0 2924790.0
207094.0 3201678.0
246525.0 3995330.0
230631.0 3704181.0
207094.0 3201677.0
195435.0 2924790.0
249401.0 4074270.0
216096.0 3348352.0
168772.0 2278841.0
161515.0 2160817.0
223643.0 3432872.0
192849.0 2812345.0
192849.0 2812345.0
216386.0 3314848.0
173716.0 2376390.0
166459.0 2258366.0
227682.0 3525870.0
258642.0 4193597.0
258642.0 4193597.0
220425.0 3407847.0
213147.0 3170042.0
244107.0 3837769.0
212242.0 3165491.0
236319.0 3698995.0
181448.0 2544965.0
189236.0 2683738.0
245707.0 3871020.0
207490.0 3085270.0
190836.0 2716989.0
183048.0 2578216.0
237919.0 3732248.0
206585.0 3080720.0
210090.0 3189841.0
220327.0 3396218.0
201299.0 2981193.0
225747.0 3555836.0
226652.0 3560386.0
238311.0 3837274.0
194650.0 2829462.0
218727.0 3362966.0
199594.0 2927011.0
230554.0 3594738.0
216714.0 3267611.0
208926.0 3128838.0
210090.0 3189841.0
241050.0 3857568.0
196250.0 2862714.0
225747.0 3555836.0
221603.0 3441907.0
237205.0 3768945.0
173244.0 2380960.0
165456.0 2242187.0
183239.0 2619464.0
166732.0 2287876.0
171781.0 2406355.0
179296.0 2569314.0
216874.0 3328014.0
200980.0 3036865.0
236458.0 3802321.0
224799.0 3525434.0
223894.0 3520883.0
190589.0 2794965.0
218474.0 3361266.0
187140.0 2709738.0
207073.0 3093885.0
214861.0 3232658.0
230301.0 3593037.0
192084.0 2807287.0
162003.0 2173983.0
169791.0 2312756.0
177443.0 2534362.0
169928.0 2371403.0
164879.0 2252924.0
181386.0 2584512.0
239197.0 3822615.0
200980.0 3036865.0
235352.0 3733992.0
219750.0 3406955.0
223894.0 3520883.0
185540.0 2676486.0
164338.0 2198417.0
158681.0 2113645.0
219904.0 3381149.0
190386.0 2806312.0
190386.0 2806311.0
211047.0 3229874.0
178873.0 2554245.0
171616.0 2436221.0
218304.0 3347897.0
187510.0 2727370.0
189110.0 2760622.0
212647.0 3263125.0
209779.0 3186198.0
220016.0 3392575.0
196844.0 2863622.0
221292.0 3438265.0
167326.0 2288784.0
178985.0 2565672.0
216563.0 3324372.0
200669.0 3033223.0
177132.0 2530719.0
165473.0 2253832.0
219439.0 3403312.0
186134.0 2677394.0
163744.0 2197509.0
158087.0 2112737.0
196250.0 2862714.0
166732.0 2287877.0
164879.0 2252924.0
185540.0 2676487.0
155219.0 2035810.0
146109.0 1882834.0
196836.0 2887508.0
184252.0 2627766.0
185852.0 2661017.0
193032.0 2837689.0
192797.0 2794510.0
225283.0 3454670.0
196250.0 2862714.0
195785.0 2884878.0
164879.0 2252924.0
181813.0 2568019.0
225283.0 3454669.0
188993.0 2744690.0
180213.0 2534767.0
166732.0 2287876.0
195785.0 2884877.0
185540.0 2676486.0
156318.0 2044736.0
147208.0 1891760.0
208431.0 3159264.0
195847.0 2899522.0
195847.0 2899521.0
203027.0 3076193.0
175339.0 2469265.0
168082.0 2351241.0
206245.0 3101218.0
175451.0 2480691.0
173598.0 2445739.0
197135.0 2948242.0
218809.0 3355915.0
217068.0 3332389.0
193896.0 2803436.0
235278.0 3693174.0
181312.0 2543693.0
188015.0 2735389.0
220521.0 3400594.0
213152.0 3271144.0
189615.0 2768640.0
182912.0 2576945.0
236878.0 3726425.0
190092.0 2753616.0
208237.0 3154889.0
240723.0 3815049.0
220215.0 3384792.0
219750.0 3406956.0
219750.0 3406955.0
236684.0 3722050.0
197741.0 2892059.0
239123.0 3781797.0
218615.0 3351540.0
216874.0 3328014.0
232891.0 3650916.0
226188.0 3459220.0
210090.0 3189841.0
220327.0 3396218.0
197155.0 2867265.0
221603.0 3441908.0
196690.0 2889428.0
208349.0 3166316.0
189421.0 2764265.0
186757.0 2665568.0
177443.0 2534362.0
165784.0 2257475.0
190697.0 2809954.0
195653.0 2895146.0
239123.0 3781796.0
202833.0 3071817.0
235084.0 3688798.0
221603.0 3441907.0
221603.0 3441907.0
211358.0 3233516.0
240723.0 3815048.0
193937.0 2842239.0
226188.0 3459220.0
232891.0 3650915.0
220327.0 3396218.0
212958.0 3266768.0
185157.0 2632316.0
187821.0 2731013.0
195653.0 2895146.0
190697.0 2809954.0
167637.0 2292427.0
179296.0 2569314.0
216874.0 3328014.0
200980.0 3036865.0
208349.0 3166315.0
196690.0 2889428.0
219750.0 3406955.0
186445.0 2681037.0
168772.0 2278841.0
161515.0 2160817.0
223643.0 3432872.0
192849.0 2812345.0
192849.0 2812345.0
216386.0 3314848.0
169677.0 2283392.0
162420.0 2165368.0
223643.0 3432872.0
254603.0 4100599.0
254603.0 4100599.0
216386.0 3314849.0
200583.0 2915345.0
231543.0 3583072.0
199678.0 2910794.0
223755.0 3444298.0
168884.0 2290268.0
176672.0 2429041.0
229690.0 3548119.0
191473.0 2762369.0
174819.0 2394088.0
167031.0 2255315.0
221902.0 3409347.0
190568.0 2757819.0
175339.0 2469265.0
168082.0 2351241.0
206245.0 3101218.0
175451.0 2480691.0
173598.0 2445739.0
197135.0 2948242.0
156423.0 2065666.0
147313.0 1912690.0
208536.0 3180194.0
195952.0 2920452.0
195952.0 2920451.0
203132.0 3097123.0
209441.0 3184745.0
250823.0 4074483.0
234354.0 3737224.0
232613.0 3713698.0
203560.0 3116698.0
196857.0 2925002.0
250823.0 4074482.0
204037.0 3101673.0
196857.0 2925002.0
203560.0 3116697.0
234466.0 3748651.0
227097.0 3619201.0
155219.0 2035810.0
146109.0 1882834.0
212381.0 3268817.0
199797.0 3009075.0
199797.0 3009074.0
206977.0 3185746.0
179184.0 2557888.0
171927.0 2439864.0
210090.0 3189841.0
241050.0 3857568.0
239197.0 3822616.0
200980.0 3036866.0
210090.0 3189841.0
241050.0 3857568.0
208237.0 3154889.0
254668.0 4163106.0
195653.0 2895146.0
209833.0 3221972.0
239197.0 3822615.0
200980.0 3036865.0
209833.0 3221971.0
195653.0 2895146.0
254668.0 4163105.0
202833.0 3071817.0
197846.0 2912989.0
239228.0 3802727.0
218615.0 3351540.0
216874.0 3328014.0
246836.0 3998973.0
240133.0 3807277.0
192797.0 2794510.0
239228.0 3802727.0
218615.0 3351540.0
249575.0 4019267.0
249264.0 4015624.0
235084.0 3688798.0
195555.0 2834013.0
226515.0 3501740.0
194650.0 2829462.0
218727.0 3362966.0
192909.0 2805937.0
200697.0 2944710.0
195298.0 2866143.0
180213.0 2534767.0
169791.0 2312756.0
162003.0 2173983.0
187821.0 2731013.0
185262.0 2653246.0
240828.0 3835978.0
194042.0 2863169.0
241733.0 3840529.0
248436.0 4032224.0
220327.0 3396218.0
212958.0 3266768.0
240828.0 3835978.0
188993.0 2744690.0
236684.0 3722050.0
250864.0 4048875.0
251175.0 4052518.0
212958.0 3266768.0
181813.0 2568019.0
196898.0 2899395.0
186862.0 2686498.0
189421.0 2764265.0
165456.0 2242187.0
173244.0 2380960.0
226262.0 3500039.0
188045.0 2714289.0
202297.0 2977961.0
194509.0 2839188.0
218474.0 3361266.0
187140.0 2709738.0
240471.0 3871896.0
250708.0 4078273.0
231680.0 3663248.0
256128.0 4237891.0
257033.0 4242441.0
268692.0 4519329.0
230370.0 3596492.0
254447.0 4129996.0
235314.0 3694041.0
261225.0 4243289.0
248290.0 3920712.0
244646.0 3895868.0
240782.0 3875539.0
257797.0 4195209.0
226942.0 3548412.0
256439.0 4241534.0
252295.0 4127605.0
253758.0 4102210.0
232884.0 3642729.0
225201.0 3524886.0
241780.0 3872307.0
226477.0 3570575.0
231526.0 3689054.0
239041.0 3852013.0
240471.0 3871896.0
250708.0 4078273.0
227536.0 3549320.0
251984.0 4123963.0
227071.0 3571483.0
238730.0 3848371.0
236937.0 3786916.0
235196.0 3763390.0
216063.0 3327435.0
257445.0 4217173.0
244510.0 3894596.0
251213.0 4086292.0
214964.0 3318509.0
247450.0 3978669.0
226942.0 3548412.0
226477.0 3570576.0
226477.0 3570575.0
243411.0 3885670.0
248355.0 3983219.0
251019.0 4081916.0
257251.0 4212797.0
252295.0 4127605.0
227382.0 3575126.0
239041.0 3852013.0
236937.0 3786916.0
235196.0 3763390.0
216168.0 3348365.0
257550.0 4238103.0
258455.0 4242653.0
265158.0 4434349.0
230370.0 3596492.0
254447.0 4129996.0
231275.0 3601043.0
257186.0 4150291.0
232273.0 3597811.0
228629.0 3572967.0
240782.0 3875539.0
241780.0 3872308.0
214964.0 3318509.0
261395.0 4326726.0
257251.0 4212797.0
241780.0 3872307.0
228845.0 3549731.0
225201.0 3524886.0
253758.0 4102210.0
243411.0 3885670.0
248460.0 4004149.0
251019.0 4081916.0
212024.0 3234437.0
244510.0 3894597.0
227536.0 3549320.0
227071.0 3571484.0
227382.0 3575126.0
244316.0 3890221.0
212024.0 3234437.0
258455.0 4242654.0
231275.0 3601043.0
232273.0 3597812.0
228845.0 3549731.0
244316.0 3890221.0
231275.0 3601043.0
248290.0 3920713.0
227536.0 3549320.0
257033.0 4242442.0
227382.0 3575126.0
228845.0 3549731.0
248290.0 3920713.0
244510.0 3894597.0
232273.0 3597812.0
227071.0 3571484.0
257033.0 4242442.0
258455.0 4242654.0
203479.0 3067693.0
206143.0 3166390.0
202380.0 3058767.0
197424.0 2973575.0
198018.0 2974483.0
209677.0 3251370.0
203584.0 3088623.0
206143.0 3166390.0
202380.0 3058767.0
212727.0 3275307.0
203220.0 3000811.0
199576.0 2975966.0
203479.0 3067693.0
207259.0 3093809.0
203584.0 3088623.0
202162.0 3088411.0
198018.0 2974483.0
203220.0 3000811.0
207259.0 3093809.0
199576.0 2975966.0
212727.0 3275307.0
197424.0 2973575.0
202162.0 3088411.0
209677.0 3251370.0
249108.0 4045023.0
233214.0 3753874.0
268692.0 4519330.0
257033.0 4242443.0
256128.0 4237892.0
222823.0 3511974.0
254447.0 4129998.0
223113.0 3478470.0
243046.0 3862617.0
246690.0 3887462.0
261225.0 4243290.0
228057.0 3576019.0
225454.0 3526588.0
233137.0 3644431.0
240894.0 3886967.0
233379.0 3724008.0
228330.0 3605529.0
243633.0 3907261.0
256197.0 4161958.0
233525.0 3757517.0
252158.0 4068960.0
252295.0 4127607.0
256439.0 4241535.0
218085.0 3397138.0
249108.0 4045023.0
233214.0 3753874.0
240583.0 3883324.0
228924.0 3606437.0
251984.0 4123964.0
218679.0 3398046.0
237049.0 3798344.0
229680.0 3668894.0
249613.0 4053041.0
242910.0 3861346.0
257445.0 4217174.0
210659.0 3244365.0
249419.0 4048666.0
246755.0 3949969.0
240894.0 3886967.0
229235.0 3610080.0
252295.0 4127607.0
257251.0 4212799.0
245850.0 3945418.0
209560.0 3235439.0
241811.0 3852420.0
228330.0 3605529.0
228330.0 3605529.0
218085.0 3397138.0
237049.0 3798344.0
229680.0 3668894.0
265158.0 4434350.0
258455.0 4242655.0
257550.0 4238104.0
210764.0 3265295.0
254447.0 4129998.0
223113.0 3478470.0
230482.0 3607920.0
234126.0 3632765.0
257186.0 4150292.0
224018.0 3483021.0
225454.0 3526588.0
229098.0 3551433.0
249419.0 4048666.0
246860.0 3970899.0
241811.0 3852420.0
252158.0 4068960.0
243633.0 3907261.0
233525.0 3757517.0
243633.0 3907261.0
257251.0 4212799.0
261395.0 4326727.0
209560.0 3235439.0
206143.0 3166390.0
203479.0 3067693.0
209677.0 3251370.0
198018.0 2974483.0
197424.0 2973575.0
202380.0 3058767.0
206143.0 3166390.0
203584.0 3088623.0
199576.0 2975966.0
203220.0 3000811.0
212727.0 3275307.0
202380.0 3058767.0
199576.0 2975966.0
207259.0 3093809.0
209677.0 3251370.0
202162.0 3088411.0
197424.0 2973575.0
212727.0 3275307.0
207259.0 3093809.0
203479.0 3067693.0
203220.0 3000811.0
198018.0 2974483.0
202162.0 3088411.0
203584.0 3088623.0
242910.0 3861345.0
206620.0 3151366.0
242716.0 3856970.0
229235.0 3610079.0
228924.0 3606436.0
218679.0 3398045.0
258455.0 4242654.0
206620.0 3151366.0
242716.0 3856970.0
229098.0 3551432.0
234126.0 3632764.0
224018.0 3483020.0
242910.0 3861345.0
246690.0 3887461.0
258455.0 4242654.0
257033.0 4242442.0
228924.0 3606436.0
234126.0 3632764.0
246690.0 3887461.0
224018.0 3483020.0
229098.0 3551432.0
229235.0 3610079.0
257033.0 4242442.0
218679.0 3398045.0
187436.0 2196402.0
181779.0 2111630.0
248051.0 3497613.0
218533.0 2922776.0
218533.0 2922775.0
239194.0 3346338.0
192775.0 2281377.0
185518.0 2163353.0
236245.0 3168027.0
208190.0 2567795.0
209790.0 2601046.0
230588.0 3083256.0
218653.0 2831998.0
235668.0 3151668.0
220253.0 2865250.0
249750.0 3558372.0
190735.0 2290412.0
192198.0 2265017.0
233815.0 3116715.0
211143.0 2712274.0
188745.0 2196813.0
188882.0 2255460.0
247897.0 3523419.0
209543.0 2679022.0
187436.0 2196402.0
181779.0 2111630.0
219942.0 2861607.0
190424.0 2286770.0
188571.0 2251817.0
209232.0 2675380.0
175377.0 1949723.0
166267.0 1796747.0
216994.0 2801421.0
204410.0 2541679.0
206010.0 2574930.0
213190.0 2751602.0
216800.0 2797046.0
249286.0 3457206.0
220253.0 2865250.0
219788.0 2887414.0
188882.0 2255460.0
205816.0 2570555.0
249286.0 3457205.0
212996.0 2747226.0
204216.0 2537303.0
190735.0 2290412.0
219788.0 2887413.0
209543.0 2679022.0
175377.0 1949723.0
166267.0 1796747.0
232539.0 3182730.0
219955.0 2922988.0
219955.0 2922987.0
227135.0 3099659.0
192775.0 2281377.0
185518.0 2163353.0
223681.0 2913330.0
195626.0 2313098.0
193773.0 2278145.0
214571.0 2760355.0
218653.0 2831998.0
219651.0 2828767.0
216800.0 2797046.0
263231.0 3805263.0
204216.0 2537303.0
188745.0 2196813.0
221251.0 2862018.0
211143.0 2712274.0
192198.0 2265017.0
205816.0 2570555.0
264831.0 3838514.0
212996.0 2747226.0
235122.0 3232422.0
267608.0 3892582.0
250634.0 3547305.0
250169.0 3569469.0
250480.0 3573111.0
267414.0 3888206.0
235122.0 3232422.0
281553.0 4240639.0
254373.0 3599028.0
255371.0 3595797.0
251943.0 3547716.0
267414.0 3888206.0
254373.0 3599028.0
271388.0 3918698.0
250634.0 3547305.0
280131.0 4240427.0
250480.0 3573111.0
251943.0 3547716.0
271388.0 3918698.0
267608.0 3892582.0
255371.0 3595797.0
250169.0 3569469.0
280131.0 4240427.0
281553.0 4240639.0
266008.0 3859331.0
229718.0 3149352.0
265814.0 3854956.0
252333.0 3608065.0
252022.0 3604422.0
241777.0 3396031.0
281553.0 4240640.0
229718.0 3149352.0
265814.0 3854956.0
252196.0 3549418.0
257224.0 3630750.0
247116.0 3481006.0
266008.0 3859331.0
269788.0 3885447.0
281553.0 4240640.0
280131.0 4240428.0
252022.0 3604422.0
257224.0 3630750.0
269788.0 3885447.0
247116.0 3481006.0
252196.0 3549418.0
252333.0 3608065.0
280131.0 4240428.0
241777.0 3396031.0
180309.0 2036249.0
174652.0 1951477.0
225185.0 2951776.0
197267.0 2410190.0
195667.0 2376938.0
217928.0 2833752.0
195854.0 2417558.0
188597.0 2299534.0
239130.0 3299833.0
211075.0 2699600.0
212675.0 2732852.0
233473.0 3215061.0
257452.0 3735209.0
274273.0 4050503.0
243507.0 3387152.0
258865.0 3727841.0
213989.0 2812315.0
229397.0 3134977.0
272673.0 4017253.0
250195.0 3617187.0
229397.0 3134977.0
213989.0 2812315.0
257265.0 3694591.0
234650.0 3235878.0
179804.0 2028231.0
174147.0 1943459.0
243002.0 3379134.0
213484.0 2804297.0
213484.0 2804297.0
234145.0 3227860.0
197932.0 2459232.0
190675.0 2341209.0
241402.0 3345883.0
212710.0 2727371.0
214310.0 2760622.0
235745.0 3261111.0
256947.0 3727192.0
273325.0 4028582.0
240419.0 3329442.0
272499.0 4072257.0
210901.0 2754605.0
228255.0 3108680.0
271725.0 3995330.0
249690.0 3609168.0
228255.0 3108679.0
210901.0 2754604.0
272499.0 4072256.0
231562.0 3178167.0
187726.0 2162898.0
180469.0 2044875.0
246741.0 3430858.0
218049.0 2812346.0
218049.0 2812345.0
239484.0 3312834.0
185143.0 2113206.0
177886.0 1995182.0
246741.0 3430857.0
218686.0 2830625.0
218686.0 2830625.0
239484.0 3312835.0
228613.0 2999856.0
262156.0 3717276.0
231196.0 3049549.0
261519.0 3698996.0
261519.0 3698996.0
262156.0 3717276.0
263756.0 3750527.0
222956.0 2915085.0
263756.0 3750527.0
263119.0 3732248.0
263119.0 3732248.0
225539.0 2964777.0
229149.0 3094829.0
245527.0 3396219.0
212621.0 2697079.0
244701.0 3439894.0
242118.0 3390201.0
259472.0 3744276.0
213604.0 2713520.0
243927.0 3362967.0
211021.0 2663827.0
244564.0 3381247.0
244564.0 3381247.0
243927.0 3362967.0
226760.0 3049511.0
243581.0 3364805.0
212815.0 2701454.0
228173.0 3042143.0
244895.0 3444269.0
260303.0 3766931.0
201102.0 2494596.0
200651.0 2480692.0
198705.0 2449279.0
183297.0 2126617.0
183103.0 2122241.0
200457.0 2476316.0
242074.0 3328014.0
220039.0 2941852.0
257619.0 3709323.0
240265.0 3355248.0
242848.0 3404940.0
201911.0 2510851.0
243674.0 3361266.0
206094.0 2593795.0
243674.0 3361266.0
244311.0 3379545.0
244311.0 3379545.0
203511.0 2544103.0
198798.0 2445739.0
199249.0 2459643.0
198604.0 2441364.0
181250.0 2087289.0
181444.0 2091664.0
196852.0 2414326.0
240128.0 3296602.0
217650.0 2896536.0
258450.0 3731978.0
243042.0 3409316.0
224720.0 2973940.0
202105.0 2515227.0
183948.0 2142159.0
178291.0 2057387.0
247146.0 3493062.0
217628.0 2918225.0
217628.0 2918225.0
238289.0 3341788.0
202076.0 2573160.0
194819.0 2455137.0
245546.0 3459811.0
216854.0 2841299.0
218454.0 2874550.0
239889.0 3375039.0
232982.0 3205114.0
249360.0 3506504.0
216454.0 2807364.0
248534.0 3550179.0
186936.0 2232527.0
204290.0 2586602.0
245907.0 3438300.0
223872.0 3052138.0
202437.0 2551649.0
185083.0 2197574.0
246681.0 3515226.0
205744.0 2621137.0
173742.0 1845825.0
168085.0 1761053.0
201220.0 2429698.0
173302.0 1888112.0
169849.0 1819908.0
192110.0 2276722.0
161178.0 1591128.0
152068.0 1438152.0
185203.0 2106797.0
170766.0 1812102.0
174219.0 1880306.0
179546.0 2022025.0
220923.0 2873827.0
233964.0 3163005.0
236940.0 3196728.0
233047.0 3170811.0
207422.0 2621891.0
208339.0 2614085.0
234217.0 3164707.0
215519.0 2790757.0
208339.0 2614085.0
207422.0 2621891.0
233300.0 3172513.0
228083.0 3045454.0
171889.0 1895480.0
162779.0 1742504.0
231634.0 3178179.0
219050.0 2918437.0
219050.0 2918437.0
226230.0 3095109.0
202581.0 2581178.0
195324.0 2463155.0
233487.0 3213132.0
204795.0 2594620.0
202942.0 2559667.0
224377.0 3060156.0
246051.0 3467829.0
246412.0 3446318.0
213506.0 2747178.0
262520.0 3805088.0
200922.0 2487436.0
217359.0 2849317.0
249865.0 3514522.0
240394.0 3383057.0
218959.0 2882568.0
202522.0 2520687.0
264120.0 3838339.0
209702.0 2697359.0
218340.0 2824135.0
231381.0 3113313.0
234357.0 3147036.0
230464.0 3121119.0
266437.0 3889851.0
267354.0 3882045.0
213312.0 2742803.0
262326.0 3800713.0
245857.0 3463454.0
246218.0 3441943.0
262235.0 3764844.0
245798.0 3402963.0
233293.0 3208757.0
249671.0 3510147.0
216765.0 2811007.0
248845.0 3553822.0
216300.0 2833171.0
233654.0 3187246.0
218765.0 2878193.0
202328.0 2516312.0
202748.0 2555292.0
185394.0 2201217.0
204839.0 2572199.0
205756.0 2564393.0
231634.0 3115014.0
212936.0 2741064.0
267354.0 3882044.0
266437.0 3889850.0
230717.0 3122820.0
225500.0 2995761.0
263926.0 3833963.0
209508.0 2692983.0
245798.0 3402962.0
262235.0 3764843.0
249671.0 3510146.0
240200.0 3378681.0
200728.0 2483060.0
217165.0 2844941.0
205756.0 2564392.0
204839.0 2572198.0
187247.0 2236169.0
204601.0 2590244.0
246218.0 3441942.0
224183.0 3055780.0
233654.0 3187245.0
216300.0 2833170.0
246992.0 3518868.0
206055.0 2624779.0
191765.0 2255896.0
184508.0 2137873.0
250780.0 3523856.0
222088.0 2905344.0
222088.0 2905343.0
243523.0 3405832.0
189182.0 2206204.0
181925.0 2088180.0
250780.0 3523855.0
222725.0 2923623.0
222725.0 2923623.0
243523.0 3405833.0
220088.0 2838157.0
253631.0 3555577.0
222671.0 2887850.0
252994.0 3537297.0
252994.0 3537297.0
253631.0 3555577.0
251778.0 3520624.0
210978.0 2685182.0
251778.0 3520624.0
251141.0 3502345.0
251141.0 3502345.0
213561.0 2734874.0
202476.0 2560248.0
195219.0 2442225.0
233382.0 3192202.0
204690.0 2573690.0
202837.0 2538737.0
224272.0 3039226.0
171784.0 1874550.0
162674.0 1721574.0
231529.0 3157249.0
218945.0 2897507.0
218945.0 2897507.0
226125.0 3074179.0
228946.0 3107557.0
277960.0 4165467.0
261491.0 3828208.0
261852.0 3806697.0
232799.0 3209696.0
216362.0 2847815.0
277960.0 4165466.0
223542.0 3024486.0
216362.0 2847814.0
232799.0 3209695.0
263705.0 3841649.0
254234.0 3710184.0
171279.0 1866532.0
162169.0 1713556.0
200643.0 2467176.0
186206.0 2172481.0
188059.0 2207433.0
193386.0 2349152.0
199388.0 2502538.0
192131.0 2384514.0
230605.0 3138134.0
202550.0 2537901.0
200697.0 2502949.0
221495.0 2985158.0
260986.0 3820189.0
262295.0 3820600.0
231024.0 3149231.0
247804.0 3490132.0
218440.0 2889489.0
232931.0 3219957.0
264148.0 3855554.0
253729.0 3702167.0
232931.0 3219957.0
218440.0 2889489.0
249657.0 3525086.0
225620.0 3066161.0
213207.0 2721873.0
262221.0 3779783.0
245752.0 3442524.0
246113.0 3421013.0
276075.0 4091971.0
259638.0 3730090.0
212896.0 2718230.0
229676.0 3059131.0
242858.0 3389188.0
244167.0 3389599.0
276401.0 4106608.0
261910.0 3776140.0
215060.0 2756825.0
248603.0 3474245.0
217643.0 2806518.0
247966.0 3455965.0
247966.0 3455965.0
248603.0 3474245.0
214803.0 2788956.0
200312.0 2458488.0
217705.0 2842291.0
216749.0 2820369.0
217060.0 2824011.0
200623.0 2462130.0
263821.0 3813033.0
209403.0 2672053.0
261238.0 3763341.0
277675.0 4125222.0
249566.0 3489216.0
240095.0 3357751.0
233129.0 3127336.0
209092.0 2668411.0
263510.0 3809391.0
278001.0 4139859.0
247620.0 3457804.0
237201.0 3304417.0
201912.0 2491739.0
216403.0 2822207.0
202223.0 2495382.0
218660.0 2857263.0
218349.0 2853620.0
219305.0 2875542.0
248350.0 3472543.0
207550.0 2637101.0
248350.0 3472543.0
247713.0 3454264.0
247713.0 3454264.0
210133.0 2686793.0
228838.0 3091186.0
245216.0 3392576.0
212310.0 2693436.0
244390.0 3436251.0
241807.0 3386558.0
259161.0 3740633.0
218632.0 2794852.0
248955.0 3444299.0
216049.0 2745159.0
249592.0 3462579.0
249592.0 3462579.0
248955.0 3444299.0
226760.0 3049511.0
243581.0 3364805.0
212815.0 2701454.0
228173.0 3042143.0
244895.0 3444269.0
260303.0 3766931.0
230155.0 3091597.0
229704.0 3077693.0
227758.0 3046280.0
212350.0 2723618.0
212156.0 2719242.0
229510.0 3073317.0
256947.0 3727192.0
273325.0 4028582.0
240419.0 3329442.0
272499.0 4072257.0
239954.0 3351606.0
257308.0 3705681.0
257452.0 3735210.0
257813.0 3713699.0
224907.0 3014559.0
273921.0 4072469.0
257393.0 3674719.0
273830.0 4036600.0
214196.0 2710207.0
227237.0 2999385.0
230213.0 3033108.0
226320.0 3007191.0
262293.0 3775923.0
263210.0 3768117.0
257199.0 3670343.0
273636.0 4032224.0
260627.0 3718424.0
259710.0 3726230.0
240265.0 3355248.0
257619.0 3709323.0
241907.0 3353901.0
242268.0 3332390.0
209362.0 2633250.0
258376.0 3691160.0
255793.0 3641467.0
272230.0 4003348.0
231196.0 3049549.0
261519.0 3698996.0
228613.0 2999856.0
262156.0 3717276.0
262156.0 3717276.0
261519.0 3698996.0
238819.0 3296190.0
240128.0 3296601.0
208857.0 2625232.0
225637.0 2966133.0
257871.0 3683142.0
272362.0 4013610.0
258736.0 3669195.0
257780.0 3647273.0
255834.0 3615860.0
241343.0 3285392.0
241654.0 3289034.0
258091.0 3650915.0
227490.0 3064251.0
259976.0 3724411.0
243002.0 3379134.0
242537.0 3401298.0
242848.0 3404940.0
259782.0 3720035.0
227490.0 3064251.0
273921.0 4072468.0
246741.0 3430857.0
247739.0 3427626.0
244311.0 3379545.0
259782.0 3720035.0
246741.0 3430857.0
263756.0 3750527.0
243002.0 3379134.0
272499.0 4072256.0
242848.0 3404940.0
244311.0 3379545.0
263756.0 3750527.0
259976.0 3724411.0
247739.0 3427626.0
242537.0 3401298.0
272499.0 4072256.0
273921.0 4072468.0
212323.0 2754816.0
228760.0 3116697.0
201612.0 2450464.0
200695.0 2458270.0
210901.0 2754604.0
228255.0 3108679.0
198378.0 2406759.0
214815.0 2768640.0
197873.0 2398741.0
212364.0 2729209.0
215266.0 2782544.0
214310.0 2760622.0
214914.0 2804509.0
218694.0 2830625.0
214914.0 2804509.0
213492.0 2804297.0
213492.0 2804297.0
218694.0 2830625.0
199249.0 2459643.0
198798.0 2445739.0
196852.0 2414326.0
181444.0 2091664.0
180939.0 2083646.0
198293.0 2437721.0
241763.0 3324371.0
219728.0 2938209.0
257308.0 3705680.0
239954.0 3351605.0
242537.0 3401297.0
201600.0 2507208.0
247102.0 3409346.0
209522.0 2641875.0
247102.0 3409346.0
247739.0 3427625.0
247739.0 3427625.0
206939.0 2592183.0
229704.0 3077692.0
230155.0 3091596.0
229510.0 3073317.0
212156.0 2719242.0
212350.0 2723617.0
227758.0 3046279.0
240128.0 3296601.0
217650.0 2896535.0
258450.0 3731977.0
243042.0 3409315.0
224720.0 2973939.0
202105.0 2515226.0
271725.0 3995329.0
249690.0 3609167.0
259161.0 3740632.0
241807.0 3386557.0
272499.0 4072255.0
231562.0 3178166.0
259666.0 3748650.0
250195.0 3617185.0
272230.0 4003347.0
255793.0 3641466.0
273921.0 4072467.0
219503.0 2931487.0
272036.0 3998972.0
255599.0 3637091.0
259472.0 3744275.0
242118.0 3390200.0
259710.0 3726229.0
260627.0 3718423.0
227490.0 3001085.0
208792.0 2627135.0
263210.0 3768115.0
262293.0 3775921.0
226573.0 3008891.0
221356.0 2881832.0
245721.0 3400593.0
236250.0 3269128.0
273830.0 4036599.0
257393.0 3674718.0
259976.0 3724410.0
205558.0 2583430.0
263119.0 3732247.0
225539.0 2964776.0
263119.0 3732247.0
263756.0 3750526.0
263756.0 3750526.0
222956.0 2915084.0
257780.0 3647272.0
258736.0 3669194.0
258091.0 3650915.0
241654.0 3289034.0
241343.0 3285391.0
255834.0 3615859.0
243581.0 3364805.0
233162.0 3211418.0
273962.0 4046860.0
259471.0 3716392.0
229090.0 3034337.0
205053.0 2575412.0
228760.0 3116697.0
212323.0 2754816.0
228255.0 3108679.0
210901.0 2754604.0
200695.0 2458270.0
201612.0 2450464.0
213215.0 2735388.0
196778.0 2373507.0
212710.0 2727370.0
213666.0 2749292.0
210764.0 2695957.0
196273.0 2365489.0
200651.0 2480691.0
201102.0 2494595.0
200146.0 2472673.0
182792.0 2118598.0
183297.0 2126616.0
198705.0 2449278.0
218694.0 2830624.0
214914.0 2804508.0
218694.0 2830624.0
213492.0 2804296.0
213492.0 2804296.0
214914.0 2804508.0
258376.0 3691159.0
222086.0 2981180.0
258182.0 3686784.0
244701.0 3439893.0
244390.0 3436250.0
234145.0 3227859.0
273921.0 4072468.0
222086.0 2981180.0
258182.0 3686784.0
244564.0 3381246.0
249592.0 3462578.0
239484.0 3312834.0
258376.0 3691159.0
262156.0 3717275.0
273921.0 4072468.0
272499.0 4072256.0
244390.0 3436250.0
249592.0 3462578.0
262156.0 3717275.0
239484.0 3312834.0
244564.0 3381246.0
244701.0 3439893.0
272499.0 4072256.0
234145.0 3227859.0
162806.0 1844554.0
157149.0 1759782.0
207682.0 2760081.0
179764.0 2218495.0
178164.0 2185243.0
200425.0 2642057.0
178351.0 2225863.0
171094.0 2107839.0
221627.0 3108138.0
193572.0 2507905.0
195172.0 2541157.0
215970.0 3023366.0
239949.0 3543514.0
256770.0 3858808.0
226004.0 3195457.0
241362.0 3536146.0
196486.0 2620620.0
211894.0 2943282.0
255170.0 3825558.0
232692.0 3425492.0
211894.0 2943282.0
196486.0 2620620.0
239762.0 3502896.0
217147.0 3044183.0
161707.0 1835628.0
156050.0 1750856.0
224905.0 3186531.0
195387.0 2611694.0
195387.0 2611694.0
216048.0 3035257.0
179835.0 2266629.0
172578.0 2148606.0
223305.0 3153280.0
194613.0 2534768.0
196213.0 2568019.0
217648.0 3068508.0
238850.0 3534589.0
255228.0 3835979.0
222322.0 3136839.0
254402.0 3879654.0
192804.0 2562002.0
210158.0 2916077.0
253628.0 3802727.0
231593.0 3416565.0
210158.0 2916076.0
192804.0 2562001.0
254402.0 3879653.0
213465.0 2985564.0
179730.0 2245699.0
172473.0 2127676.0
238745.0 3513659.0
210053.0 2895147.0
210053.0 2895146.0
231488.0 3395635.0
177147.0 2196007.0
169890.0 2077983.0
238745.0 3513658.0
210690.0 2913426.0
210690.0 2913426.0
231488.0 3395636.0
220617.0 3082657.0
254160.0 3800077.0
223200.0 3132350.0
253523.0 3781797.0
253523.0 3781797.0
254160.0 3800077.0
255760.0 3833328.0
214960.0 2997886.0
255760.0 3833328.0
255123.0 3815049.0
255123.0 3815049.0
217543.0 3047578.0
234706.0 3420661.0
251084.0 3722051.0
218178.0 3022911.0
250258.0 3765726.0
247675.0 3716033.0
265029.0 4070108.0
219161.0 3039352.0
249484.0 3688799.0
216578.0 2989659.0
250121.0 3707079.0
250121.0 3707079.0
249484.0 3688799.0
232317.0 3375343.0
249138.0 3690637.0
218372.0 3027286.0
233730.0 3367975.0
250452.0 3770101.0
265860.0 4092763.0
206659.0 2820428.0
206208.0 2806524.0
204262.0 2775111.0
188854.0 2452449.0
188660.0 2448073.0
206014.0 2802148.0
249484.0 3688798.0
227449.0 3302636.0
265029.0 4070107.0
247675.0 3716032.0
250258.0 3765724.0
209321.0 2871635.0
251084.0 3722050.0
213504.0 2954579.0
251084.0 3722050.0
251721.0 3740329.0
251721.0 3740329.0
210921.0 2904887.0
206208.0 2806523.0
206659.0 2820427.0
206014.0 2802148.0
188660.0 2448073.0
188854.0 2452448.0
204262.0 2775110.0
247538.0 3657386.0
225060.0 3257320.0
265860.0 4092762.0
250452.0 3770100.0
232130.0 3334724.0
209515.0 2876011.0
170438.0 2012725.0
164781.0 1927953.0
215314.0 2928252.0
187396.0 2386666.0
185796.0 2353414.0
208057.0 2810228.0
185983.0 2394034.0
178726.0 2276010.0
229259.0 3276309.0
201204.0 2676076.0
202804.0 2709328.0
223602.0 3191537.0
239949.0 3543514.0
256770.0 3858808.0
226004.0 3195457.0
241362.0 3536146.0
255501.0 3888579.0
256964.0 3863184.0
255170.0 3825557.0
232692.0 3425491.0
255364.0 3829932.0
255501.0 3888579.0
239762.0 3502895.0
217147.0 3044182.0
165746.0 1928626.0
160089.0 1843854.0
206777.0 2755530.0
178859.0 2213944.0
177259.0 2180692.0
199520.0 2637506.0
177341.0 2200382.0
170084.0 2082358.0
216772.0 2994034.0
185978.0 2373507.0
187578.0 2406759.0
211115.0 2909262.0
220617.0 3082657.0
230854.0 3289034.0
222217.0 3115909.0
233730.0 3367975.0
192699.0 2541071.0
191423.0 2495382.0
230854.0 3289034.0
214960.0 2997885.0
189823.0 2462130.0
192699.0 2541071.0
232130.0 3334723.0
213360.0 2964633.0
177446.0 2221312.0
170189.0 2103288.0
232317.0 3375343.0
201523.0 2754816.0
201523.0 2754816.0
225060.0 3257319.0
181291.0 2309935.0
174034.0 2191911.0
236162.0 3463966.0
208107.0 2863733.0
208107.0 2863733.0
228905.0 3345942.0
220722.0 3103587.0
247538.0 3657385.0
220722.0 3103587.0
244799.0 3637091.0
189928.0 2483060.0
192667.0 2503354.0
249138.0 3690637.0
215065.0 3018815.0
194267.0 2536606.0
191528.0 2516312.0
246399.0 3670343.0
215065.0 3018815.0
238939.0 3518033.0
249176.0 3724410.0
228944.0 3279529.0
240457.0 3531595.0
254297.0 3858722.0
253021.0 3813033.0
239044.0 3538963.0
263121.0 4072467.0
242889.0 3627586.0
269705.0 4181384.0
255865.0 3854257.0
253126.0 3833963.0
239949.0 3543514.0
256770.0 3858808.0
226004.0 3195457.0
241362.0 3536146.0
255501.0 3888579.0
256964.0 3863184.0
214834.0 3027354.0
208250.0 2918437.0
215933.0 3036280.0
200630.0 2734548.0
199426.0 2704692.0
208145.0 2897507.0
247576.0 3691160.0
231682.0 3400011.0
251421.0 3779783.0
254297.0 3858724.0
238857.0 3498345.0
220087.0 3128255.0
263121.0 4072469.0
231787.0 3420941.0
251526.0 3800713.0
254265.0 3821007.0
269705.0 4181386.0
235632.0 3509564.0
208250.0 2918437.0
214834.0 3027354.0
208145.0 2897507.0
199426.0 2704692.0
200630.0 2734548.0
215933.0 3036280.0
255170.0 3825557.0
232692.0 3425491.0
255364.0 3829932.0
255501.0 3888579.0
239762.0 3502895.0
217147.0 3044182.0
169933.0 2004707.0
164276.0 1919935.0
225499.0 3187439.0
241051.0 3532504.0
239451.0 3499252.0
216642.0 3036164.0
176836.0 2192364.0
169579.0 2074340.0
216267.0 2986016.0
185473.0 2365489.0
187073.0 2398741.0
210610.0 2901244.0
238434.0 3510015.0
248671.0 3716392.0
225499.0 3187439.0
241051.0 3532504.0
200020.0 2705600.0
207640.0 2889489.0
247071.0 3683142.0
231177.0 3391993.0
207640.0 2889489.0
200020.0 2705600.0
239451.0 3499252.0
216642.0 3036164.0
166445.0 1950464.0
160788.0 1865692.0
229643.0 3301367.0
200125.0 2726530.0
200125.0 2726530.0
220786.0 3150093.0
184573.0 2381465.0
177316.0 2263442.0
228043.0 3268116.0
199351.0 2649604.0
200951.0 2682855.0
222386.0 3183344.0
238539.0 3530946.0
254917.0 3832336.0
222011.0 3133196.0
254091.0 3876011.0
192493.0 2558359.0
209847.0 2912434.0
253317.0 3799084.0
231282.0 3412922.0
209847.0 2912433.0
192493.0 2558358.0
254091.0 3876010.0
213154.0 2981921.0
184468.0 2360535.0
177211.0 2242512.0
238434.0 3510016.0
209742.0 2891504.0
209742.0 2891503.0
231177.0 3391992.0
242035.0 3585189.0
234778.0 3467165.0
242035.0 3585189.0
211241.0 2964662.0
211241.0 2964662.0
234778.0 3467165.0
223899.0 3154187.0
247071.0 3683141.0
223899.0 3154188.0
249173.0 3685156.0
195207.0 2535675.0
193105.0 2533661.0
248671.0 3716393.0
218242.0 3069416.0
194705.0 2566912.0
196807.0 2568927.0
250773.0 3718407.0
218242.0 3069415.0
239444.0 3535497.0
255822.0 3836887.0
222916.0 3137747.0
254996.0 3880562.0
247364.0 3712390.0
264718.0 4066465.0
243483.0 3628495.0
268757.0 4159463.0
239444.0 3535496.0
262616.0 4064450.0
253720.0 3834872.0
255822.0 3836886.0
235851.0 3460323.0
246088.0 3666700.0
230548.0 3305918.0
254996.0 3880561.0
254996.0 3880561.0
266655.0 4157449.0
208650.0 2914970.0
214791.0 3009983.0
205057.0 2839797.0
201030.0 2731081.0
193398.0 2562909.0
210752.0 2916984.0
254222.0 3803634.0
232187.0 3417472.0
264718.0 4066464.0
247364.0 3712389.0
254996.0 3880560.0
214059.0 2986471.0
268757.0 4159463.0
236226.0 3510471.0
254222.0 3803635.0
252120.0 3801620.0
262616.0 4064450.0
232187.0 3417473.0
214791.0 3009982.0
208650.0 2914969.0
210752.0 2916984.0
193398.0 2562909.0
201030.0 2731080.0
205057.0 2839796.0
244488.0 3633449.0
228594.0 3342300.0
266655.0 4157448.0
254996.0 3880561.0
254996.0 3880561.0
221691.0 3154643.0
166735.0 1916960.0
159478.0 1798936.0
221606.0 3070991.0
190812.0 2450464.0
190812.0 2450464.0
214349.0 2952967.0
175272.0 2089682.0
168015.0 1971658.0
229238.0 3239162.0
260198.0 3906889.0
260198.0 3906889.0
221981.0 3121139.0
229238.0 3239162.0
260198.0 3906889.0
228333.0 3234611.0
252410.0 3768115.0
197539.0 2614085.0
205327.0 2752858.0
260198.0 3906889.0
221981.0 3121139.0
205327.0 2752858.0
197539.0 2614085.0
252410.0 3768117.0
221076.0 3116589.0
231829.0 3288855.0
224572.0 3170831.0
231829.0 3288855.0
201035.0 2668328.0
201035.0 2668328.0
224572.0 3170831.0
174367.0 2085131.0
167110.0 1967108.0
228333.0 3234612.0
199641.0 2616100.0
199641.0 2616099.0
221076.0 3116588.0
229238.0 3239163.0
254512.0 3770131.0
229238.0 3239162.0
252410.0 3768116.0
198444.0 2618636.0
200546.0 2620650.0
254512.0 3770130.0
221981.0 3121138.0
200546.0 2620650.0
198444.0 2618635.0
252410.0 3768116.0
221981.0 3121139.0
174262.0 2064201.0
167005.0 1946178.0
233277.0 3332161.0
204585.0 2713649.0
204585.0 2713648.0
226020.0 3214137.0
171679.0 2014509.0
164422.0 1896485.0
233277.0 3332160.0
205222.0 2731928.0
205222.0 2731928.0
226020.0 3214138.0
225645.0 3163989.0
259188.0 3881409.0
228228.0 3213682.0
258551.0 3863129.0
258551.0 3863129.0
259188.0 3881409.0
259188.0 3881408.0
218388.0 3045966.0
259188.0 3881408.0
258551.0 3863129.0
258551.0 3863129.0
220971.0 3095658.0
217837.0 2971782.0
243111.0 3502750.0
213693.0 2857853.0
236865.0 3386807.0
241914.0 3505286.0
244016.0 3507300.0
213693.0 2857854.0
244016.0 3507301.0
211110.0 2808161.0
244653.0 3525581.0
244653.0 3525581.0
244016.0 3507301.0
218742.0 2976332.0
244653.0 3525580.0
210205.0 2803610.0
234282.0 3337114.0
241009.0 3500736.0
244653.0 3525580.0
190687.0 2376100.0
189145.0 2353270.0
190687.0 2376100.0
179411.0 2183084.0
182899.0 2237327.0
189145.0 2353270.0
244711.0 3536002.0
212180.0 2887010.0
245616.0 3540553.0
243514.0 3538538.0
238465.0 3420059.0
208036.0 2773082.0
245616.0 3540552.0
208036.0 2773081.0
245616.0 3540552.0
246253.0 3558831.0
246253.0 3558831.0
205453.0 2723389.0
190745.0 2386521.0
192287.0 2409351.0
190745.0 2386521.0
184499.0 2270578.0
181011.0 2216335.0
192287.0 2409351.0
246253.0 3558832.0
213085.0 2891561.0
246253.0 3558832.0
242609.0 3533987.0
235882.0 3370367.0
204548.0 2718839.0
208247.0 2832335.0
218484.0 3038712.0
198252.0 2593831.0
209765.0 2845897.0
223605.0 3173024.0
222329.0 3127335.0
208352.0 2853265.0
232429.0 3386769.0
212197.0 2941888.0
239013.0 3495686.0
225173.0 3168559.0
222434.0 3148265.0
216889.0 3025987.0
233710.0 3341281.0
202944.0 2677930.0
218302.0 3018619.0
227392.0 3252573.0
242800.0 3575235.0
245740.0 3659308.0
239156.0 3550391.0
242800.0 3575235.0
227392.0 3252573.0
230332.0 3336646.0
239051.0 3529461.0
208053.0 2827960.0
218290.0 3034337.0
202750.0 2673555.0
227198.0 3248198.0
227198.0 3248198.0
238857.0 3525086.0
211646.0 2903133.0
234818.0 3432087.0
215685.0 2996132.0
240959.0 3527100.0
228024.0 3204523.0
225922.0 3202509.0
215790.0 3017062.0
232168.0 3318452.0
199262.0 2619312.0
231342.0 3362127.0
223710.0 3193955.0
241064.0 3548030.0
246008.0 3645579.0
239867.0 3550566.0
241969.0 3552580.0
224615.0 3198505.0
232247.0 3366677.0
236274.0 3475393.0
196101.0 2521824.0
219273.0 3050778.0
200245.0 2635753.0
225519.0 3166721.0
226424.0 3171271.0
224322.0 3169257.0
192613.0 2467581.0
216690.0 3001085.0
201150.0 2640303.0
227061.0 3189551.0
227061.0 3189551.0
223417.0 3164707.0
197557.0 2565130.0
231100.0 3282550.0
200140.0 2614823.0
230463.0 3264270.0
230463.0 3264270.0
231100.0 3282550.0
218165.0 2959973.0
206889.0 2766957.0
218165.0 2959973.0
216623.0 2937143.0
216623.0 2937143.0
210377.0 2821200.0
210741.0 2898583.0
227119.0 3199973.0
194213.0 2500833.0
226293.0 3243648.0
223710.0 3193955.0
241064.0 3548030.0
210636.0 2877653.0
240959.0 3527100.0
208053.0 2827960.0
241596.0 3545380.0
241596.0 3545380.0
240959.0 3527100.0
209257.0 2857816.0
226078.0 3173110.0
195312.0 2509759.0
210670.0 2850448.0
227392.0 3252574.0
242800.0 3575236.0
237565.0 3452381.0
237114.0 3438477.0
235168.0 3407064.0
219760.0 3084402.0
219566.0 3080026.0
236920.0 3434101.0
186993.0 2377619.0
180852.0 2282606.0
187098.0 2398549.0
169744.0 2044474.0
173232.0 2098717.0
177259.0 2207433.0
173153.0 2050492.0
166907.0 1934549.0
173153.0 2050492.0
174695.0 2073322.0
174695.0 2073322.0
163419.0 1880306.0
183148.0 2288996.0
183599.0 2302900.0
182049.0 2280070.0
164695.0 1925995.0
165794.0 1934921.0
181202.0 2257583.0
184142.0 2341656.0
177558.0 2232739.0
188834.0 2425755.0
173426.0 2103093.0
168734.0 2018994.0
177453.0 2211809.0
215031.0 2970509.0
199137.0 2679360.0
218876.0 3059132.0
221752.0 3138073.0
206312.0 2777694.0
187542.0 2407604.0
230576.0 3351818.0
199242.0 2700290.0
218981.0 3080062.0
221720.0 3100356.0
237160.0 3460735.0
203087.0 2788913.0
237303.0 3515438.0
243887.0 3624355.0
237198.0 3494508.0
228479.0 3301693.0
225539.0 3217621.0
240947.0 3540283.0
230257.0 3273078.0
207779.0 2873012.0
240947.0 3540283.0
225539.0 3217621.0
214849.0 2950416.0
192234.0 2491703.0
214837.0 2966133.0
198943.0 2674984.0
237004.0 3490132.0
225345.0 3213245.0
225345.0 3213245.0
192040.0 2487327.0
232965.0 3397134.0
202536.0 2750157.0
222469.0 3134304.0
224571.0 3136319.0
239106.0 3492147.0
206575.0 2843155.0
238014.0 3515613.0
244155.0 3610626.0
234421.0 3440440.0
230394.0 3331724.0
222762.0 3163553.0
240116.0 3517628.0
228715.0 3250247.0
206680.0 2864085.0
239211.0 3513077.0
221857.0 3159002.0
229489.0 3327173.0
188552.0 2433084.0
219020.0 3049077.0
188591.0 2402100.0
224069.0 3167556.0
226171.0 3169571.0
225266.0 3165020.0
192735.0 2516028.0
216437.0 2999385.0
185103.0 2347857.0
223164.0 3163005.0
226808.0 3187850.0
226808.0 3187850.0
193640.0 2520579.0
205036.0 2732004.0
216312.0 2925020.0
208524.0 2786247.0
214770.0 2902190.0
214770.0 2902190.0
216312.0 2925020.0
230847.0 3280848.0
190047.0 2445406.0
230847.0 3280848.0
230210.0 3262569.0
230210.0 3262569.0
192630.0 2495098.0
178999.0 2247654.0
185140.0 2342667.0
175406.0 2172481.0
171379.0 2063765.0
167891.0 2009522.0
185245.0 2363597.0
163454.0 1866345.0
169700.0 1982288.0
159966.0 1812102.0
171242.0 2005118.0
171242.0 2005118.0
169700.0 1982288.0
175705.0 2197786.0
182289.0 2306703.0
175600.0 2176856.0
166881.0 1984041.0
171573.0 2068140.0
186981.0 2390802.0
181746.0 2267948.0
181295.0 2254044.0
179349.0 2222631.0
163941.0 1899969.0
162842.0 1891043.0
180196.0 2245118.0
223666.0 3131768.0
201631.0 2745606.0
239211.0 3513077.0
221857.0 3159002.0
224440.0 3208694.0
183503.0 2314605.0
239106.0 3492147.0
201526.0 2724676.0
239106.0 3492147.0
239743.0 3510426.0
239743.0 3510426.0
198943.0 2674984.0
235261.0 3403524.0
235712.0 3417428.0
235067.0 3399149.0
217713.0 3045074.0
217907.0 3049449.0
233315.0 3372111.0
222625.0 3104906.0
200147.0 2704840.0
240947.0 3540282.0
225539.0 3217620.0
207217.0 2782244.0
184602.0 2323531.0
179798.0 2166096.0
174141.0 2081324.0
242996.0 3516999.0
213478.0 2942162.0
213478.0 2942162.0
234139.0 3365725.0
197926.0 2597097.0
190669.0 2479074.0
241396.0 3483748.0
212704.0 2865236.0
214304.0 2898487.0
235739.0 3398976.0
228832.0 3229051.0
245210.0 3530441.0
212304.0 2831301.0
244384.0 3574116.0
182786.0 2256464.0
200140.0 2610539.0
241757.0 3462237.0
219722.0 3076075.0
198287.0 2575586.0
180933.0 2221511.0
242531.0 3539163.0
201594.0 2645074.0
174330.0 1984598.0
168673.0 1899826.0
201808.0 2568471.0
173890.0 2026885.0
170437.0 1958681.0
192698.0 2415495.0
161766.0 1729901.0
152656.0 1576925.0
185791.0 2245570.0
171354.0 1950875.0
174807.0 2019079.0
180134.0 2160798.0
221511.0 3012600.0
234552.0 3301778.0
237528.0 3335501.0
233635.0 3309584.0
208010.0 2760664.0
208927.0 2752858.0
234805.0 3303480.0
216107.0 2929530.0
208927.0 2752858.0
208010.0 2760664.0
233888.0 3311286.0
228671.0 3184227.0
171273.0 2004397.0
162163.0 1851421.0
231018.0 3287096.0
218434.0 3027354.0
218434.0 3027354.0
225614.0 3204026.0
201965.0 2690095.0
194708.0 2572072.0
232871.0 3322049.0
204179.0 2703537.0
202326.0 2668584.0
223761.0 3169073.0
245435.0 3576746.0
245796.0 3555235.0
212890.0 2856095.0
261904.0 3914005.0
200306.0 2596353.0
216743.0 2958234.0
249249.0 3623439.0
239778.0 3491974.0
218343.0 2991485.0
201906.0 2629604.0
263504.0 3947256.0
209086.0 2806276.0
213879.0 2844429.0
226920.0 3133607.0
229896.0 3167330.0
226003.0 3141413.0
261976.0 3910145.0
262893.0 3902339.0
208851.0 2763097.0
257865.0 3821007.0
241396.0 3483748.0
241757.0 3462237.0
257774.0 3785138.0
241337.0 3423257.0
228832.0 3229051.0
245210.0 3530441.0
212304.0 2831301.0
244384.0 3574116.0
211839.0 2853465.0
229193.0 3207540.0
214304.0 2898487.0
197867.0 2536606.0
198287.0 2575586.0
180933.0 2221511.0
200378.0 2592493.0
201295.0 2584687.0
227173.0 3135308.0
208475.0 2761358.0
262893.0 3902338.0
261976.0 3910144.0
226256.0 3143114.0
221039.0 3016055.0
259465.0 3854257.0
205047.0 2713277.0
241337.0 3423256.0
257774.0 3785137.0
245210.0 3530440.0
235739.0 3398975.0
196267.0 2503354.0
212704.0 2865235.0
201295.0 2584686.0
200378.0 2592492.0
182786.0 2256463.0
200140.0 2610538.0
241757.0 3462236.0
219722.0 3076074.0
229193.0 3207539.0
211839.0 2853464.0
242531.0 3539162.0
201594.0 2645073.0
180392.0 2167004.0
174735.0 2082232.0
243590.0 3517907.0
214072.0 2943070.0
214072.0 2943070.0
234733.0 3366633.0
198520.0 2598005.0
191263.0 2479982.0
241990.0 3484656.0
213298.0 2866144.0
214898.0 2899395.0
236333.0 3399884.0
252486.0 3747486.0
268864.0 4048876.0
235958.0 3349736.0
268038.0 4092551.0
206440.0 2774899.0
223794.0 3128974.0
267264.0 4015624.0
245229.0 3629462.0
223794.0 3128973.0
206440.0 2774898.0
268038.0 4092550.0
227101.0 3198461.0
188024.0 2335175.0
182367.0 2250403.0
243590.0 3517907.0
259142.0 3862972.0
257542.0 3829720.0
234733.0 3366632.0
194927.0 2522832.0
187670.0 2404808.0
234358.0 3316484.0
203564.0 2695957.0
205164.0 2729209.0
228701.0 3231712.0
256525.0 3840483.0
266762.0 4046860.0
243590.0 3517907.0
259142.0 3862972.0
218111.0 3036068.0
225731.0 3219957.0
265162.0 4013610.0
249268.0 3722461.0
225731.0 3219957.0
218111.0 3036068.0
257542.0 3829720.0
234733.0 3366632.0
260126.0 3915657.0
252869.0 3797633.0
260126.0 3915657.0
229332.0 3295130.0
229332.0 3295130.0
252869.0 3797633.0
202559.0 2691003.0
195302.0 2572980.0
256525.0 3840484.0
227833.0 3221972.0
227833.0 3221971.0
249268.0 3722460.0
241990.0 3484656.0
267264.0 4015624.0
241990.0 3484655.0
265162.0 4013609.0
211196.0 2864129.0
213298.0 2866143.0
268864.0 4048875.0
236333.0 3399883.0
214898.0 2899395.0
212796.0 2897380.0
266762.0 4046861.0
236333.0 3399884.0
225833.0 3154785.0
236070.0 3361162.0
220530.0 3000380.0
244978.0 3575023.0
244978.0 3575023.0
256637.0 3851911.0
229426.0 3229958.0
252598.0 3758912.0
233465.0 3322957.0
258739.0 3853925.0
245804.0 3531348.0
243702.0 3529334.0
229426.0 3229959.0
245804.0 3531349.0
212898.0 2832209.0
244978.0 3575024.0
237346.0 3406852.0
254700.0 3760927.0
204773.0 2704445.0
198632.0 2609432.0
200734.0 2611446.0
183380.0 2257371.0
191012.0 2425543.0
195039.0 2534259.0
232617.0 3292959.0
216723.0 3001810.0
254784.0 3816958.0
243125.0 3540071.0
243125.0 3540071.0
209820.0 2814153.0
250745.0 3723960.0
220316.0 3076983.0
240249.0 3461130.0
242351.0 3463145.0
256886.0 3818973.0
224355.0 3169981.0
196779.0 2574479.0
202920.0 2669492.0
193186.0 2499306.0
189159.0 2390590.0
181527.0 2222419.0
198881.0 2576494.0
242351.0 3463144.0
220316.0 3076982.0
252847.0 3725974.0
235493.0 3371899.0
243125.0 3540070.0
202188.0 2645981.0
241299.0 3462818.0
235642.0 3378046.0
237260.0 3369820.0
209342.0 2828234.0
209342.0 2828233.0
231603.0 3285047.0
246327.0 3544150.0
239070.0 3426126.0
231792.0 3188322.0
200998.0 2567795.0
202598.0 2601046.0
226135.0 3103549.0
218239.0 2945291.0
228476.0 3151668.0
228735.0 3208121.0
240248.0 3460187.0
186282.0 2310706.0
185006.0 2265017.0
226623.0 3116715.0
210729.0 2825566.0
181553.0 2196813.0
184429.0 2275754.0
238395.0 3425234.0
219625.0 3055144.0
177818.0 2038841.0
172161.0 1954069.0
205296.0 2622714.0
177378.0 2081128.0
173925.0 2012924.0
196186.0 2469738.0
165254.0 1784144.0
156144.0 1631168.0
189279.0 2299813.0
174842.0 2005118.0
178295.0 2073322.0
183622.0 2215041.0
217367.0 2898672.0
230408.0 3187850.0
233384.0 3221573.0
229491.0 3195656.0
232919.0 3243737.0
249853.0 3558832.0
230661.0 3189551.0
211963.0 2815601.0
248253.0 3525580.0
234772.0 3278689.0
229744.0 3197357.0
224527.0 3070298.0
228735.0 3208121.0
219625.0 3055145.0
228735.0 3208121.0
214298.0 2913426.0
214298.0 2913425.0
219625.0 3055144.0
242288.0 3451152.0
235031.0 3333128.0
219228.0 2933625.0
188434.0 2313098.0
186581.0 2278145.0
210118.0 2780648.0
214200.0 2852293.0
212459.0 2828767.0
237260.0 3369820.0
253729.0 3707078.0
199763.0 2557597.0
181553.0 2196813.0
214059.0 2862018.0
206690.0 2732568.0
185006.0 2265017.0
201363.0 2590849.0
255329.0 3740329.0
231603.0 3285047.0
217367.0 2898672.0
230408.0 3187850.0
233384.0 3221573.0
229491.0 3195656.0
232919.0 3243737.0
249853.0 3558832.0
226874.0 3173168.0
243343.0 3510426.0
242280.0 3451151.0
240539.0 3427625.0
237111.0 3379545.0
255321.0 3740329.0
246319.0 3544149.0
256556.0 3750526.0
242891.0 3496069.0
254404.0 3748135.0
242426.0 3518232.0
241150.0 3472543.0
211486.0 2830625.0
214290.0 2913426.0
215525.0 2923623.0
213373.0 2921232.0
203866.0 2646736.0
208822.0 2731928.0
230661.0 3189551.0
211963.0 2815601.0
248253.0 3525580.0
234772.0 3278689.0
229744.0 3197357.0
224527.0 3070298.0
245196.0 3545380.0
221470.0 3090098.0
253721.0 3707079.0
237364.0 3381247.0
242392.0 3462579.0
235023.0 3333129.0
214290.0 2913426.0
211486.0 2830625.0
208822.0 2731928.0
203866.0 2646736.0
213373.0 2921232.0
215525.0 2923623.0
254956.0 3717276.0
239062.0 3426127.0
241403.0 3474245.0
244279.0 3553186.0
252804.0 3714885.0
234034.0 3344795.0
260631.0 3923675.0
253374.0 3805651.0
260631.0 3923675.0
229837.0 3303148.0
229837.0 3303148.0
253374.0 3805651.0
199025.0 2606023.0
191768.0 2488000.0
252991.0 3755504.0
224299.0 3136992.0
224299.0 3136991.0
245734.0 3637480.0
229931.0 3237977.0
255205.0 3768945.0
229931.0 3237976.0
253103.0 3766930.0
199137.0 2617450.0
201239.0 2619464.0
253352.0 3733992.0
220821.0 3085000.0
199386.0 2584512.0
197284.0 2582497.0
251250.0 3731978.0
220821.0 3085001.0
191393.0 2437852.0
184136.0 2319828.0
222299.0 3069805.0
191505.0 2449278.0
189652.0 2414326.0
213189.0 2916829.0
175965.0 2088496.0
166855.0 1935520.0
228078.0 3203024.0
244547.0 3540283.0
246400.0 3575235.0
222674.0 3119953.0
228078.0 3203024.0
244547.0 3540283.0
252991.0 3755503.0
251250.0 3731977.0
222197.0 3134977.0
215494.0 2943282.0
246400.0 3575235.0
222674.0 3119953.0
215494.0 2943282.0
222197.0 3134977.0
253103.0 3766931.0
245734.0 3637481.0
172372.0 2013323.0
163262.0 1860347.0
232117.0 3296022.0
219533.0 3036280.0
219533.0 3036280.0
226713.0 3212952.0
203064.0 2699021.0
195807.0 2580998.0
233970.0 3330975.0
205278.0 2712463.0
203425.0 2677510.0
224860.0 3177999.0
257030.0 3848502.0
257391.0 3826991.0
224485.0 3127851.0
273499.0 4185761.0
211901.0 2868109.0
228338.0 3229990.0
259244.0 3861943.0
249773.0 3730478.0
228338.0 3229989.0
211901.0 2868108.0
273499.0 4185760.0
219081.0 3044780.0
217582.0 2940194.0
258964.0 3829932.0
234863.0 3324502.0
233122.0 3300976.0
265667.0 4021628.0
258964.0 3829932.0
209950.0 2772023.0
258964.0 3829933.0
242495.0 3492674.0
242856.0 3471163.0
267769.0 4023642.0
251332.0 3661761.0
242495.0 3492674.0
267769.0 4023642.0
242495.0 3492673.0
265667.0 4021627.0
240754.0 3469148.0
242856.0 3471162.0
213803.0 2874161.0
197366.0 2512280.0
213803.0 2874162.0
211701.0 2872147.0
204069.0 2703976.0
204998.0 2680452.0
260564.0 3863184.0
213778.0 2890375.0
260564.0 3863184.0
267267.0 4054879.0
236575.0 3369181.0
229206.0 3239731.0
260564.0 3863183.0
206146.0 2722203.0
252932.0 3695012.0
269369.0 4056893.0
246309.0 3539366.0
236838.0 3407901.0
198966.0 2545532.0
215403.0 2907413.0
206598.0 2713703.0
205669.0 2737227.0
213301.0 2905398.0
215403.0 2907413.0
269369.0 4056894.0
236838.0 3407902.0
246309.0 3539367.0
244207.0 3537352.0
267267.0 4054879.0
236838.0 3407902.0
226144.0 3158428.0
236381.0 3364805.0
220841.0 3004023.0
245289.0 3578666.0
245289.0 3578666.0
256948.0 3855554.0
229737.0 3233601.0
252909.0 3762555.0
233776.0 3326600.0
259050.0 3857568.0
246115.0 3534991.0
244013.0 3532977.0
229737.0 3233602.0
246115.0 3534992.0
213209.0 2835852.0
245289.0 3578667.0
237657.0 3410495.0
255011.0 3764570.0
234137.0 3305089.0
227996.0 3210076.0
230098.0 3212090.0
212744.0 2858015.0
220376.0 3026187.0
224403.0 3134903.0
243736.0 3494457.0
253973.0 3700834.0
240308.0 3446377.0
251821.0 3698443.0
239843.0 3468540.0
238567.0 3422851.0
239697.0 3401459.0
237956.0 3377933.0
224291.0 3123476.0
240760.0 3460734.0
252738.0 3690637.0
234528.0 3329853.0
222416.0 3017151.0
235457.0 3306329.0
238433.0 3340052.0
234540.0 3314135.0
262881.0 3914695.0
263798.0 3906889.0
273305.0 4181386.0
270501.0 4098585.0
263798.0 3906889.0
262881.0 3914695.0
272388.0 4189192.0
274540.0 4191583.0
234669.0 3320127.0
232928.0 3296601.0
217388.0 2935819.0
258770.0 3825557.0
258770.0 3825557.0
265473.0 4017253.0
242301.0 3488298.0
265473.0 4017252.0
242301.0 3488299.0
267575.0 4019267.0
242662.0 3466787.0
240560.0 3464773.0
246340.0 3581297.0
246701.0 3559786.0
213795.0 2860646.0
262809.0 3918556.0
255177.0 3750384.0
271614.0 4112265.0
258679.0 3789689.0
256577.0 3787674.0
258679.0 3789688.0
242242.0 3427807.0
249874.0 3595979.0
248945.0 3619503.0
214784.0 2848980.0
227825.0 3138158.0
230801.0 3171881.0
226908.0 3145964.0
262881.0 3914696.0
263798.0 3906890.0
224291.0 3123476.0
273305.0 4181386.0
256836.0 3844127.0
257197.0 3822616.0
273214.0 4145517.0
256777.0 3783636.0
252797.0 3751129.0
269175.0 4052519.0
236269.0 3353379.0
268349.0 4096194.0
235804.0 3375543.0
253158.0 3729618.0
269175.0 4052518.0
252738.0 3690637.0
253158.0 3729617.0
235804.0 3375542.0
255249.0 3746524.0
256166.0 3738718.0
211707.0 2863734.0
208903.0 2780933.0
209832.0 2757409.0
208915.0 2765215.0
210790.0 2871540.0
212942.0 2873931.0
206404.0 2709328.0
205475.0 2732852.0
202811.0 2634155.0
219248.0 2996036.0
215209.0 2903038.0
213107.0 2901023.0
211707.0 2863733.0
228144.0 3225614.0
202200.0 2589237.0
201283.0 2597043.0
206751.0 2778541.0
224105.0 3132616.0
203231.0 2673135.0
197090.0 2578122.0
199192.0 2580137.0
181838.0 2226062.0
189470.0 2394233.0
193497.0 2502949.0
232928.0 3296601.0
217034.0 3005452.0
255095.0 3820600.0
243436.0 3543713.0
243436.0 3543713.0
210131.0 2817795.0
251056.0 3727602.0
220627.0 3080625.0
240560.0 3464772.0
242662.0 3466787.0
257197.0 3822615.0
224666.0 3173623.0
227996.0 3210075.0
234137.0 3305088.0
224403.0 3134902.0
220376.0 3026186.0
212744.0 2858015.0
230098.0 3212090.0
242662.0 3466787.0
220627.0 3080625.0
253158.0 3729617.0
235804.0 3375542.0
243436.0 3543713.0
202499.0 2649624.0
252373.0 3667583.0
236479.0 3376434.0
238820.0 3424552.0
241696.0 3503493.0
250221.0 3665192.0
231451.0 3295102.0
239809.0 3412886.0
232440.0 3283436.0
234781.0 3331554.0
251138.0 3657386.0
242613.0 3495687.0
218887.0 3040405.0
270501.0 4098584.0
273305.0 4181385.0
274540.0 4191582.0
272388.0 4189191.0
262881.0 3914695.0
263798.0 3906889.0
235710.0 3308030.0
217012.0 2934080.0
263798.0 3906889.0
262881.0 3914695.0
234793.0 3315836.0
229576.0 3188777.0
236381.0 3364805.0
229012.0 3235355.0
267073.0 4050503.0
260370.0 3858808.0
260370.0 3858808.0
213584.0 2885999.0
267073.0 4050503.0
236644.0 3403526.0
244013.0 3532976.0
246115.0 3534991.0
269175.0 4052518.0
236644.0 3403526.0
256577.0 3787673.0
258679.0 3789688.0
248945.0 3619502.0
249874.0 3595978.0
242242.0 3427807.0
258679.0 3789688.0
250154.0 3627989.0
240683.0 3496524.0
273214.0 4145516.0
256777.0 3783635.0
264409.0 3951806.0
209991.0 2810826.0
208903.0 2780932.0
211707.0 2863733.0
212942.0 2873930.0
210790.0 2871539.0
208915.0 2765214.0
209832.0 2757408.0
203875.0 2699600.0
204804.0 2676076.0
211507.0 2867771.0
213609.0 2869786.0
217648.0 2962784.0
201211.0 2600903.0
198943.0 2613074.0
205084.0 2708087.0
195350.0 2537901.0
191323.0 2429185.0
183691.0 2261014.0
201045.0 2615089.0
228144.0 3225614.0
211707.0 2863733.0
224105.0 3132616.0
206751.0 2778541.0
201283.0 2597043.0
202200.0 2589237.0
228078.0 3139858.0
209380.0 2765908.0
263798.0 3906888.0
262881.0 3914694.0
227161.0 3147664.0
221944.0 3020605.0
273305.0 4181384.0
218887.0 3040404.0
255177.0 3750383.0
271614.0 4112264.0
259050.0 3857567.0
249579.0 3726102.0
251138.0 3657385.0
267575.0 4019266.0
256166.0 3738717.0
255249.0 3746523.0
237657.0 3410494.0
255011.0 3764569.0
267575.0 4019266.0
245540.0 3633104.0
255011.0 3764569.0
237657.0 3410494.0
268349.0 4096192.0
227412.0 3202103.0
178813.0 2253505.0
171556.0 2135482.0
237828.0 3521465.0
209136.0 2902953.0
209136.0 2902952.0
230571.0 3403441.0
176230.0 2203813.0
168973.0 2085789.0
237828.0 3521464.0
209773.0 2921232.0
209773.0 2921232.0
230571.0 3403442.0
207136.0 2835766.0
240679.0 3553186.0
209719.0 2885459.0
240042.0 3534906.0
240042.0 3534906.0
240679.0 3553186.0
238826.0 3518233.0
198026.0 2682791.0
238826.0 3518233.0
238189.0 3499954.0
238189.0 3499954.0
200609.0 2732483.0
182957.0 2367433.0
175700.0 2249410.0
213863.0 2999387.0
185171.0 2380875.0
183318.0 2345922.0
204753.0 2846411.0
152265.0 1681735.0
143155.0 1528759.0
212010.0 2964434.0
199426.0 2704692.0
199426.0 2704692.0
206606.0 2881364.0
209427.0 2914742.0
258441.0 3972652.0
241972.0 3635393.0
242333.0 3613882.0
213280.0 3016881.0
196843.0 2655000.0
258441.0 3972651.0
204023.0 2831671.0
196843.0 2654999.0
213280.0 3016880.0
244186.0 3648834.0
234715.0 3517369.0
152859.0 1682643.0
143749.0 1529667.0
182223.0 2283287.0
167786.0 1988592.0
169639.0 2023544.0
174966.0 2165263.0
180968.0 2318649.0
173711.0 2200625.0
212185.0 2954245.0
184130.0 2354012.0
182277.0 2319060.0
203075.0 2801269.0
242566.0 3636300.0
243875.0 3636711.0
212604.0 2965342.0
229384.0 3306243.0
200020.0 2705600.0
214511.0 3036068.0
245728.0 3671665.0
235309.0 3518278.0
214511.0 3036068.0
200020.0 2705600.0
231237.0 3341197.0
207200.0 2882272.0
205283.0 2800814.0
254297.0 3858724.0
237828.0 3521465.0
238189.0 3499954.0
268151.0 4170912.0
251714.0 3809031.0
204972.0 2797171.0
221752.0 3138072.0
234934.0 3468129.0
236243.0 3468540.0
268477.0 4185549.0
253986.0 3855081.0
207136.0 2835766.0
240679.0 3553186.0
209719.0 2885459.0
240042.0 3534906.0
240042.0 3534906.0
240679.0 3553186.0
206879.0 2867897.0
192388.0 2537429.0
209781.0 2921232.0
208825.0 2899310.0
209136.0 2902952.0
192699.0 2541071.0
254297.0 3858722.0
199879.0 2717742.0
251714.0 3809030.0
268151.0 4170911.0
240042.0 3534905.0
230571.0 3403440.0
223605.0 3173025.0
199568.0 2714100.0
253986.0 3855080.0
268477.0 4185548.0
238096.0 3503493.0
227677.0 3350106.0
192388.0 2537428.0
206879.0 2867896.0
192699.0 2541071.0
209136.0 2902952.0
208825.0 2899309.0
209781.0 2921231.0
238826.0 3518232.0
198026.0 2682790.0
238826.0 3518232.0
238189.0 3499953.0
238189.0 3499953.0
200609.0 2732482.0
169306.0 1979009.0
162049.0 1860986.0
228321.0 3246969.0
199629.0 2628457.0
199629.0 2628456.0
221064.0 3128945.0
166723.0 1929317.0
159466.0 1811293.0
228321.0 3246968.0
200266.0 2646736.0
200266.0 2646736.0
221064.0 3128946.0
220689.0 3078797.0
254232.0 3796217.0
223272.0 3128490.0
253595.0 3777937.0
253595.0 3777937.0
254232.0 3796217.0
254232.0 3796216.0
213432.0 2960774.0
254232.0 3796216.0
253595.0 3777937.0
253595.0 3777937.0
216015.0 3010466.0
173450.0 2092937.0
166193.0 1974914.0
227416.0 3242418.0
198724.0 2623906.0
198724.0 2623905.0
220159.0 3124394.0
230912.0 3296661.0
223655.0 3178637.0
230912.0 3296661.0
200118.0 2676134.0
200118.0 2676134.0
223655.0 3178637.0
228321.0 3246968.0
251493.0 3775922.0
228321.0 3246969.0
253595.0 3777937.0
199629.0 2628456.0
197527.0 2626442.0
251493.0 3775922.0
221064.0 3128945.0
197527.0 2626441.0
199629.0 2628456.0
253595.0 3777936.0
221064.0 3128944.0
165818.0 1924766.0
158561.0 1806742.0
220689.0 3078797.0
189895.0 2458270.0
189895.0 2458270.0
213432.0 2960773.0
174355.0 2097488.0
167098.0 1979464.0
228321.0 3246968.0
259281.0 3914695.0
259281.0 3914695.0
221064.0 3128945.0
228321.0 3246968.0
259281.0 3914695.0
227416.0 3242417.0
251493.0 3775921.0
196622.0 2621891.0
204410.0 2760664.0
259281.0 3914695.0
221064.0 3128945.0
204410.0 2760664.0
196622.0 2621891.0
251493.0 3775923.0
220159.0 3124395.0
200212.0 2610962.0
223384.0 3139916.0
204356.0 2724891.0
229630.0 3255859.0
230535.0 3260409.0
228433.0 3258395.0
196724.0 2556719.0
220801.0 3090223.0
205261.0 2729441.0
231172.0 3278689.0
231172.0 3278689.0
227528.0 3253845.0
197629.0 2561270.0
231172.0 3278690.0
200212.0 2610963.0
230535.0 3260410.0
230535.0 3260410.0
231172.0 3278690.0
177206.0 2129209.0
165930.0 1936193.0
177206.0 2129209.0
175664.0 2106379.0
175664.0 2106379.0
169418.0 1990436.0
221531.0 3104964.0
191102.0 2457987.0
226580.0 3223443.0
228682.0 3225458.0
227777.0 3220907.0
195246.0 2571915.0
218948.0 3055272.0
187614.0 2403744.0
225675.0 3218892.0
229319.0 3243737.0
229319.0 3243737.0
196151.0 2576466.0
164077.0 1901240.0
175353.0 2094256.0
167565.0 1955483.0
173811.0 2071426.0
173811.0 2071426.0
175353.0 2094256.0
229319.0 3243736.0
188519.0 2408294.0
229319.0 3243736.0
228682.0 3225457.0
228682.0 3225457.0
191102.0 2457986.0
180017.0 2283361.0
172760.0 2165338.0
233983.0 3432842.0
205291.0 2814330.0
205291.0 2814329.0
226726.0 3314818.0
241623.0 3601013.0
234366.0 3482989.0
241623.0 3601013.0
210829.0 2980486.0
210829.0 2980486.0
234366.0 3482989.0
210923.0 2915314.0
234095.0 3444268.0
210923.0 2915315.0
236197.0 3446283.0
182231.0 2296802.0
180129.0 2294788.0
232242.0 3409316.0
201813.0 2762339.0
178276.0 2259835.0
180378.0 2261850.0
234344.0 3411330.0
201813.0 2762338.0
184161.0 2397289.0
176904.0 2279266.0
215067.0 3029243.0
186375.0 2410731.0
184522.0 2375778.0
205957.0 2876267.0
153469.0 1711591.0
144359.0 1558615.0
213214.0 2994290.0
200630.0 2734548.0
200630.0 2734548.0
207810.0 2911220.0
205582.0 2826119.0
254596.0 3884029.0
238127.0 3546770.0
238488.0 3525259.0
209435.0 2928258.0
192998.0 2566377.0
254596.0 3884028.0
200178.0 2743048.0
192998.0 2566376.0
209435.0 2928257.0
240341.0 3560211.0
230870.0 3428746.0
156957.0 1765834.0
147847.0 1612858.0
209070.0 2880362.0
225539.0 3217621.0
227392.0 3252573.0
203666.0 2797291.0
172385.0 2115190.0
165128.0 1997166.0
203291.0 2747143.0
172497.0 2126616.0
170644.0 2091664.0
194181.0 2594167.0
233983.0 3432841.0
232242.0 3409315.0
209070.0 2880362.0
225539.0 3217621.0
196486.0 2620620.0
203189.0 2812315.0
234095.0 3444269.0
226726.0 3314819.0
203189.0 2812315.0
196486.0 2620620.0
227392.0 3252573.0
203666.0 2797291.0
206487.0 2830670.0
255501.0 3888580.0
239032.0 3551321.0
239393.0 3529810.0
264306.0 4082289.0
247869.0 3720408.0
214119.0 2998841.0
255501.0 3888579.0
231400.0 3383149.0
229659.0 3359623.0
262204.0 4080275.0
255501.0 3888579.0
239032.0 3551320.0
262204.0 4080274.0
239032.0 3551321.0
264306.0 4082289.0
239393.0 3529809.0
237291.0 3527795.0
200606.0 2762623.0
201535.0 2739099.0
208238.0 2930794.0
210340.0 2932809.0
210340.0 2932808.0
193903.0 2570927.0
255501.0 3888578.0
201083.0 2747598.0
247869.0 3720407.0
264306.0 4082288.0
241246.0 3564761.0
231775.0 3433296.0
255501.0 3888579.0
208715.0 2915770.0
255501.0 3888579.0
262204.0 4080274.0
231512.0 3394576.0
224143.0 3265126.0
201535.0 2739098.0
200606.0 2762622.0
193903.0 2570927.0
210340.0 2932808.0
210340.0 2932808.0
208238.0 2930793.0
262204.0 4080274.0
231775.0 3433297.0
239144.0 3562747.0
241246.0 3564762.0
264306.0 4082289.0
231775.0 3433297.0
176024.0 2221100.0
168767.0 2103076.0
230895.0 3375131.0
200101.0 2754604.0
200101.0 2754604.0
223638.0 3257107.0
176335.0 2224743.0
169078.0 2106719.0
231206.0 3378774.0
203151.0 2778541.0
203151.0 2778541.0
223949.0 3260750.0
207241.0 2856696.0
234057.0 3410494.0
207241.0 2856696.0
231318.0 3390200.0
176447.0 2236169.0
179186.0 2256463.0
232204.0 3375542.0
198131.0 2703720.0
177333.0 2221511.0
174594.0 2201217.0
229465.0 3355248.0
198131.0 2703720.0
171880.0 2107172.0
164623.0 1989148.0
202786.0 2739125.0
171992.0 2118598.0
170139.0 2083646.0
193676.0 2586149.0
148226.0 1588737.0
139116.0 1435761.0
177279.0 2185738.0
162842.0 1891043.0
164695.0 1925995.0
170022.0 2067714.0
201244.0 2707816.0
217713.0 3045074.0
203097.0 2742768.0
201356.0 2719242.0
170450.0 2087289.0
188660.0 2448073.0
219566.0 3080026.0
195840.0 2624744.0
188660.0 2448073.0
172303.0 2122241.0
201356.0 2719242.0
193987.0 2589792.0
156452.0 1757816.0
147342.0 1604840.0
185816.0 2358460.0
171379.0 2063765.0
173232.0 2098717.0
178559.0 2240436.0
184561.0 2393822.0
177304.0 2275798.0
215778.0 3029418.0
187723.0 2429185.0
185870.0 2394233.0
206668.0 2876442.0
238527.0 3543302.0
239836.0 3543713.0
208565.0 2872344.0
225345.0 3213245.0
254996.0 3880561.0
239525.0 3540071.0
241689.0 3578666.0
231270.0 3425279.0
241378.0 3575023.0
254996.0 3880561.0
227198.0 3248198.0
203161.0 2789273.0
207971.0 2871436.0
224440.0 3208694.0
233478.0 3424823.0
231737.0 3401297.0
232048.0 3404940.0
250258.0 3765724.0
208565.0 2872344.0
225345.0 3213245.0
238527.0 3543302.0
239836.0 3543713.0
239525.0 3540071.0
254996.0 3880561.0
237933.0 3542394.0
264749.0 4096192.0
237622.0 3538751.0
261699.0 4072255.0
236192.0 3518868.0
238931.0 3539162.0
210472.0 2943070.0
200125.0 2726530.0
209878.0 2942162.0
206828.0 2918225.0
202684.0 2804297.0
195387.0 2611694.0
226293.0 3243648.0
202567.0 2788366.0
250258.0 3765726.0
233901.0 3439894.0
233590.0 3436251.0
226221.0 3306801.0
227198.0 3248198.0
203161.0 2789273.0
254996.0 3880561.0
241378.0 3575023.0
241689.0 3578666.0
231270.0 3425279.0
200125.0 2726530.0
210472.0 2943070.0
195387.0 2611694.0
202684.0 2804297.0
206828.0 2918225.0
209878.0 2942162.0
264749.0 4096194.0
230676.0 3424372.0
240784.0 3574116.0
238045.0 3553822.0
261699.0 4072257.0
230365.0 3420729.0
195184.0 2529630.0
218356.0 3058584.0
199328.0 2643559.0
224602.0 3174527.0
225507.0 3179077.0
223405.0 3177063.0
191696.0 2475387.0
215773.0 3008891.0
200233.0 2648109.0
226144.0 3197357.0
226144.0 3197357.0
222500.0 3172513.0
192601.0 2479938.0
226144.0 3197358.0
195184.0 2529631.0
225507.0 3179078.0
225507.0 3179078.0
226144.0 3197358.0
201231.0 2644878.0
189955.0 2451862.0
201231.0 2644878.0
199689.0 2622048.0
199689.0 2622048.0
193443.0 2506105.0
223293.0 3165636.0
246465.0 3694590.0
223293.0 3165637.0
248567.0 3696605.0
223654.0 3144125.0
221552.0 3142111.0
215661.0 2997465.0
213920.0 2973939.0
198380.0 2613157.0
239762.0 3502895.0
239762.0 3502895.0
246465.0 3694591.0
194892.0 2558914.0
243906.0 3616824.0
227437.0 3279565.0
227798.0 3258054.0
252711.0 3810533.0
236274.0 3448652.0
244811.0 3621374.0
243882.0 3644898.0
237179.0 3453202.0
253616.0 3815083.0
253616.0 3815084.0
251514.0 3813069.0
215350.0 2993822.0
213609.0 2970296.0
189843.0 2440435.0
206312.0 2777693.0
232130.0 3334723.0
213920.0 2973939.0
219494.0 3107750.0
243571.0 3641254.0
219805.0 3111393.0
246621.0 3665191.0
220803.0 3108161.0
218064.0 3087867.0
228031.0 3280472.0
229340.0 3280883.0
198069.0 2609514.0
214849.0 2950415.0
239451.0 3499252.0
253942.0 3829720.0
253348.0 3828813.0
250298.0 3804876.0
253942.0 3829720.0
239451.0 3499252.0
238857.0 3498345.0
246154.0 3690948.0
189843.0 2440435.0
238857.0 3498345.0
222388.0 3161086.0
222749.0 3139575.0
252711.0 3810533.0
236274.0 3448652.0
190437.0 2441343.0
207217.0 2782244.0
220399.0 3112301.0
221708.0 3112712.0
253942.0 3829721.0
239451.0 3499253.0
215661.0 2997465.0
249204.0 3714885.0
218244.0 3047158.0
248567.0 3696605.0
248567.0 3696605.0
249204.0 3714885.0
246310.0 3661549.0
231819.0 3331081.0
249212.0 3714884.0
248256.0 3692962.0
248567.0 3696604.0
232130.0 3334723.0
185796.0 2353414.0
184867.0 2376938.0
182308.0 2299171.0
198745.0 2661052.0
194601.0 2547124.0
192499.0 2545109.0
177259.0 2180693.0
184556.0 2373296.0
185485.0 2349772.0
199976.0 2680240.0
191750.0 2511161.0
188700.0 2487224.0
177853.0 2181600.0
192344.0 2512068.0
177259.0 2180692.0
193696.0 2542573.0
194290.0 2543481.0
195246.0 2565403.0
170325.0 2012924.0
159049.0 1819908.0
170325.0 2012924.0
168783.0 1990094.0
168783.0 1990094.0
162537.0 1874151.0
218103.0 3056883.0
187674.0 2409906.0
223152.0 3175362.0
225254.0 3177377.0
224349.0 3172826.0
191818.0 2523834.0
215520.0 3007191.0
184186.0 2355663.0
222247.0 3170811.0
225891.0 3195656.0
225891.0 3195656.0
192723.0 2528385.0
191555.0 2485113.0
202831.0 2678129.0
195043.0 2539356.0
201289.0 2655299.0
201289.0 2655299.0
202831.0 2678129.0
225891.0 3195656.0
185091.0 2360214.0
225891.0 3195656.0
225254.0 3177377.0
225254.0 3177377.0
187674.0 2409906.0
248065.0 3727841.0
217636.0 3080864.0
225005.0 3210314.0
227107.0 3212329.0
250167.0 3729856.0
217636.0 3080864.0
217373.0 3042143.0
210004.0 2912693.0
248065.0 3727841.0
241362.0 3536146.0
241362.0 3536146.0
194576.0 2563337.0
245482.0 3678149.0
246411.0 3654625.0
253114.0 3846320.0
255216.0 3848335.0
255216.0 3848335.0
238779.0 3486454.0
245506.0 3650074.0
191088.0 2509094.0
237874.0 3481903.0
254311.0 3843784.0
231251.0 3326257.0
221780.0 3194792.0
217062.0 3038501.0
209693.0 2909051.0
217373.0 3042144.0
233730.0 3367976.0
209765.0 2845898.0
186039.0 2390616.0
245171.0 3674507.0
213837.0 3022979.0
221517.0 3156072.0
224256.0 3176366.0
248221.0 3698444.0
214148.0 3026622.0
251898.0 3838127.0
254948.0 3862064.0
247754.0 3724199.0
240457.0 3531596.0
241051.0 3532504.0
255542.0 3862972.0
232793.0 3349088.0
222374.0 3195701.0
255542.0 3862972.0
241051.0 3532504.0
218302.0 3018620.0
194265.0 2559695.0
186467.0 2410190.0
187396.0 2386666.0
194099.0 2578361.0
196201.0 2580376.0
200345.0 2694304.0
183908.0 2332423.0
186156.0 2406547.0
178859.0 2213944.0
190300.0 2520475.0
193350.0 2544412.0
201576.0 2713491.0
187085.0 2383023.0
162502.0 1888112.0
173778.0 2081128.0
165990.0 1942355.0
172236.0 2058298.0
172236.0 2058298.0
173778.0 2081128.0
193944.0 2545320.0
179453.0 2214852.0
196846.0 2598655.0
195890.0 2576733.0
195296.0 2575825.0
178859.0 2213944.0
240457.0 3531595.0
186039.0 2390615.0
237874.0 3481903.0
254311.0 3843784.0
226202.0 3207778.0
216731.0 3076313.0
210670.0 2850448.0
186633.0 2391523.0
241051.0 3532503.0
255542.0 3862971.0
225161.0 3180916.0
214742.0 3027529.0
233419.0 3364332.0
247910.0 3694800.0
233730.0 3367975.0
250167.0 3729856.0
249856.0 3726213.0
250812.0 3748135.0
250804.0 3748135.0
210004.0 2912693.0
250804.0 3748135.0
250167.0 3729856.0
250167.0 3729856.0
212587.0 2962385.0
221469.0 2961736.0
237847.0 3263126.0
204941.0 2563986.0
237021.0 3306801.0
234438.0 3257108.0
251792.0 3611183.0
211263.0 2665402.0
241586.0 3314849.0
208680.0 2615709.0
242223.0 3333129.0
242223.0 3333129.0
241586.0 3314849.0
219391.0 2920061.0
236212.0 3235355.0
205446.0 2572004.0
220804.0 2912693.0
237526.0 3314819.0
252934.0 3637481.0
222786.0 2962147.0
222335.0 2948243.0
220389.0 2916830.0
204981.0 2594168.0
204787.0 2589792.0
222141.0 2943867.0
225613.0 3075664.0
241991.0 3377054.0
209085.0 2677914.0
241165.0 3420729.0
208620.0 2700078.0
225974.0 3054153.0
226118.0 3083682.0
226479.0 3062171.0
193573.0 2363031.0
242587.0 3420941.0
226059.0 3023191.0
242496.0 3385072.0
182862.0 2058679.0
195903.0 2347857.0
198879.0 2381580.0
194986.0 2355663.0
230959.0 3124395.0
231876.0 3116589.0
225865.0 3018815.0
242302.0 3380696.0
229293.0 3066896.0
228376.0 3074702.0
208931.0 2703720.0
226285.0 3057795.0
226013.0 3062752.0
226374.0 3041241.0
193468.0 2342101.0
242482.0 3400011.0
239899.0 3350318.0
256336.0 3712199.0
215302.0 2758400.0
245625.0 3407847.0
212719.0 2708707.0
246262.0 3426127.0
246262.0 3426127.0
245625.0 3407847.0
222925.0 3005041.0
224234.0 3005452.0
192963.0 2334083.0
209743.0 2674984.0
241977.0 3391993.0
256468.0 3722461.0
242842.0 3378046.0
241886.0 3356124.0
239940.0 3324711.0
225449.0 2994243.0
225760.0 2997885.0
242197.0 3359766.0
197061.0 2417274.0
229547.0 3077434.0
212573.0 2732157.0
212108.0 2754321.0
212419.0 2757963.0
229353.0 3073058.0
197061.0 2417274.0
243492.0 3425491.0
216312.0 2783880.0
217310.0 2780649.0
213882.0 2732568.0
229353.0 3073058.0
216312.0 2783880.0
233327.0 3103550.0
212573.0 2732157.0
242070.0 3425279.0
212419.0 2757963.0
213882.0 2732568.0
233327.0 3103550.0
229547.0 3077434.0
217310.0 2780649.0
212108.0 2754321.0
242070.0 3425279.0
243492.0 3425491.0
235860.0 3257319.0
252297.0 3619200.0
225149.0 2952967.0
224232.0 2960773.0
234438.0 3257107.0
251792.0 3611182.0
221915.0 2909262.0
238352.0 3271143.0
221410.0 2901244.0
235901.0 3231712.0
238803.0 3285047.0
237847.0 3263125.0
238451.0 3307012.0
242231.0 3333128.0
238451.0 3307012.0
237029.0 3306800.0
237029.0 3306800.0
242231.0 3333128.0
222786.0 2962146.0
222335.0 2948242.0
220389.0 2916829.0
204981.0 2594167.0
204476.0 2586149.0
221830.0 2940224.0
197815.0 2443301.0
214193.0 2744691.0
181287.0 2045551.0
213367.0 2788366.0
210784.0 2738673.0
228138.0 3092748.0
197710.0 2422371.0
228033.0 3071818.0
195127.0 2372678.0
228670.0 3090098.0
228670.0 3090098.0
228033.0 3071818.0
196331.0 2402534.0
213152.0 2717828.0
182386.0 2054477.0
197744.0 2395166.0
214466.0 2797292.0
229874.0 3119954.0
224639.0 2997099.0
224188.0 2983195.0
222242.0 2951782.0
206834.0 2629120.0
206640.0 2624744.0
223994.0 2978819.0
202553.0 2558137.0
218931.0 2859527.0
186025.0 2160387.0
218105.0 2903202.0
210473.0 2735030.0
227827.0 3089105.0
202448.0 2537207.0
227722.0 3068175.0
198409.0 2444208.0
221581.0 2973162.0
212685.0 2743584.0
214787.0 2745598.0
194816.0 2369035.0
205053.0 2575412.0
189513.0 2214630.0
213961.0 2789273.0
213961.0 2789273.0
225620.0 3066161.0
226630.0 3091641.0
232771.0 3186654.0
223037.0 3016468.0
219010.0 2907752.0
211378.0 2739580.0
228732.0 3093655.0
192347.0 2261803.0
217621.0 2792771.0
188203.0 2147874.0
211375.0 2676828.0
216424.0 2795307.0
218526.0 2797321.0
192242.0 2240873.0
222565.0 2890320.0
189659.0 2191180.0
223202.0 2908600.0
223202.0 2908600.0
222565.0 2890320.0
193252.0 2266353.0
219163.0 2815601.0
184715.0 2093631.0
208792.0 2627135.0
215519.0 2790757.0
219163.0 2815601.0
210267.0 2586023.0
208725.0 2563193.0
210267.0 2586023.0
198991.0 2393007.0
202479.0 2447250.0
208725.0 2563193.0
195321.0 2377053.0
205558.0 2583430.0
185326.0 2138549.0
196839.0 2390615.0
210679.0 2717742.0
209403.0 2672053.0
195426.0 2397983.0
219503.0 2931487.0
199271.0 2486606.0
226087.0 3040404.0
212247.0 2713277.0
209508.0 2692983.0
203963.0 2570705.0
220784.0 2885999.0
190018.0 2222648.0
205376.0 2563337.0
214466.0 2797291.0
229874.0 3119953.0
232814.0 3204026.0
226230.0 3095109.0
229874.0 3119953.0
214466.0 2797291.0
217406.0 2881364.0
226125.0 3074179.0
196979.0 2424325.0
203120.0 2519338.0
193386.0 2349152.0
189359.0 2240436.0
185871.0 2186193.0
203225.0 2540268.0
183034.0 2076268.0
189280.0 2192211.0
179546.0 2022025.0
190822.0 2215041.0
190822.0 2215041.0
189280.0 2192211.0
193685.0 2374458.0
200269.0 2483375.0
193580.0 2353528.0
184861.0 2160713.0
189553.0 2244812.0
204961.0 2567474.0
199726.0 2444619.0
199275.0 2430715.0
197329.0 2399302.0
181921.0 2076640.0
180822.0 2067714.0
198176.0 2421789.0
226518.0 3080215.0
242896.0 3381605.0
209990.0 2682465.0
242070.0 3425280.0
234438.0 3257108.0
251792.0 3611183.0
230557.0 3173213.0
255831.0 3704181.0
226518.0 3080214.0
249690.0 3609168.0
240794.0 3379590.0
242896.0 3381604.0
222925.0 3005041.0
233162.0 3211418.0
217622.0 2850636.0
242070.0 3425279.0
242070.0 3425279.0
253729.0 3702167.0
224777.0 3056689.0
230918.0 3151702.0
221184.0 2981516.0
217157.0 2872800.0
209525.0 2704628.0
226879.0 3058703.0
225924.0 3079307.0
242302.0 3380697.0
209396.0 2681557.0
241476.0 3424372.0
208931.0 2703721.0
226285.0 3057796.0
229963.0 3172305.0
230324.0 3150794.0
197418.0 2451654.0
246432.0 3509564.0
229904.0 3111814.0
246341.0 3473695.0
187911.0 2177158.0
200952.0 2466336.0
203928.0 2500059.0
200035.0 2474142.0
236008.0 3242874.0
236925.0 3235068.0
225865.0 3018815.0
242302.0 3380696.0
229293.0 3066896.0
228376.0 3074702.0
208931.0 2703720.0
226285.0 3057795.0
231062.0 3181231.0
231423.0 3159720.0
198517.0 2460580.0
247531.0 3518490.0
239899.0 3350318.0
256336.0 3712199.0
227023.0 3088233.0
252297.0 3619201.0
227023.0 3088232.0
250195.0 3617186.0
225282.0 3064707.0
227384.0 3066721.0
219391.0 2920061.0
217650.0 2896535.0
202110.0 2535753.0
243492.0 3425491.0
243492.0 3425491.0
250195.0 3617187.0
241299.0 3387608.0
243401.0 3389623.0
233667.0 3219437.0
234596.0 3195913.0
226964.0 3027741.0
243401.0 3389622.0
191399.0 2231401.0
204440.0 2520579.0
207416.0 2554302.0
203523.0 2528385.0
231864.0 3128945.0
232781.0 3121139.0
193274.0 2337726.0
209743.0 2674984.0
208680.0 2615709.0
206939.0 2592183.0
203511.0 2544103.0
221721.0 2904887.0
212719.0 2708707.0
222956.0 2915084.0
209291.0 2660627.0
220804.0 2912693.0
208826.0 2682790.0
207550.0 2637101.0
239484.0 3312835.0
242288.0 3395636.0
243523.0 3405833.0
241371.0 3403442.0
231864.0 3128945.0
232781.0 3121139.0
239705.0 3345942.0
256142.0 3707823.0
230198.0 3071446.0
229281.0 3079252.0
234749.0 3260750.0
252103.0 3614825.0
230809.0 3116364.0
247246.0 3478245.0
234402.0 3191537.0
233473.0 3215061.0
241105.0 3383232.0
243207.0 3385247.0
239705.0 3345943.0
236901.0 3263142.0
237830.0 3239618.0
236913.0 3247424.0
238788.0 3353749.0
240940.0 3356140.0
225088.0 3060331.0
231229.0 3155344.0
221495.0 2985158.0
217468.0 2876442.0
209836.0 2708271.0
227190.0 3062346.0
204911.0 2516500.0
230185.0 3047468.0
200767.0 2402571.0
223939.0 2931525.0
228988.0 3050004.0
231090.0 3052018.0
200767.0 2402572.0
231090.0 3052019.0
198184.0 2352879.0
231727.0 3070299.0
231727.0 3070299.0
231090.0 3052019.0
205816.0 2521050.0
231727.0 3070298.0
197279.0 2348328.0
221356.0 2881832.0
228083.0 3045454.0
231727.0 3070298.0
206814.0 2517819.0
205272.0 2494989.0
206814.0 2517819.0
195538.0 2324803.0
199026.0 2379046.0
205272.0 2494989.0
211478.0 2706924.0
236752.0 3237892.0
211478.0 2706923.0
234650.0 3235877.0
209737.0 2683398.0
211839.0 2685412.0
215622.0 2820852.0
215983.0 2799341.0
183077.0 2100201.0
232091.0 3158111.0
224459.0 2989939.0
240896.0 3351820.0
186565.0 2154444.0
227947.0 3044182.0
203846.0 2538752.0
202105.0 2515226.0
234650.0 3235878.0
227947.0 3044182.0
225364.0 2994489.0
241801.0 3356370.0
232996.0 3162661.0
232067.0 3186185.0
239699.0 3354356.0
241801.0 3356371.0
214418.0 2790996.0
214779.0 2769485.0
181873.0 2070345.0
230887.0 3128255.0
228304.0 3078562.0
244741.0 3440443.0
210274.0 2677068.0
240597.0 3326515.0
207691.0 2627375.0
241234.0 3344795.0
241234.0 3344795.0
240597.0 3326515.0
212429.0 2742211.0
213738.0 2742622.0
182467.0 2071253.0
199247.0 2412154.0
231481.0 3129163.0
245972.0 3459631.0
241242.0 3344794.0
240286.0 3322872.0
238340.0 3291459.0
223849.0 2960991.0
224160.0 2964633.0
240597.0 3326514.0
177834.0 1977347.0
194303.0 2314605.0
203341.0 2530734.0
201600.0 2507208.0
201911.0 2510851.0
220121.0 2871635.0
186060.0 2146426.0
202840.0 2487327.0
216022.0 2817384.0
217331.0 2817795.0
241933.0 3366632.0
227442.0 3036164.0
207796.0 2648305.0
234612.0 3202103.0
207485.0 2644662.0
231562.0 3178166.0
206055.0 2624779.0
208794.0 2645073.0
241933.0 3366632.0
227442.0 3036164.0
241339.0 3365725.0
238289.0 3341788.0
234145.0 3227860.0
226848.0 3035257.0
215369.0 2755985.0
231806.0 3117866.0
218857.0 2810228.0
217928.0 2833752.0
225560.0 3001923.0
227662.0 3003938.0
210320.0 2637506.0
226757.0 2999387.0
210914.0 2638414.0
225405.0 2968882.0
228307.0 3022217.0
227351.0 3000295.0
218546.0 2806586.0
233037.0 3137054.0
210320.0 2637507.0
217617.0 2830110.0
221761.0 2944038.0
224811.0 2967975.0
203386.0 2469738.0
201844.0 2446908.0
203386.0 2469738.0
192110.0 2276722.0
195598.0 2330965.0
201844.0 2446908.0
225508.0 3054733.0
235745.0 3261110.0
216717.0 2846085.0
241165.0 3420728.0
242070.0 3425278.0
253729.0 3702166.0
215407.0 2779329.0
239484.0 3312833.0
220351.0 2876878.0
246262.0 3426126.0
233327.0 3103549.0
229683.0 3078705.0
225819.0 3058376.0
242834.0 3378046.0
211979.0 2731249.0
241476.0 3424371.0
237332.0 3310442.0
238795.0 3285047.0
217921.0 2825566.0
210238.0 2707723.0
226817.0 3055144.0
211514.0 2753412.0
216563.0 2871891.0
224078.0 3034850.0
225508.0 3054733.0
235745.0 3261110.0
212573.0 2732157.0
237021.0 3306800.0
212108.0 2754320.0
223767.0 3031208.0
221974.0 2969753.0
220233.0 2946227.0
201100.0 2510272.0
242482.0 3400010.0
229547.0 3077433.0
236250.0 3269129.0
200001.0 2501346.0
232487.0 3161506.0
211979.0 2731249.0
211514.0 2753413.0
211514.0 2753412.0
228448.0 3068507.0
233392.0 3166056.0
236056.0 3264753.0
242288.0 3395634.0
237332.0 3310442.0
212419.0 2757963.0
224078.0 3034850.0
221974.0 2969753.0
220233.0 2946227.0
201205.0 2531202.0
242587.0 3420940.0
243492.0 3425490.0
250195.0 3617186.0
215407.0 2779329.0
239484.0 3312833.0
216312.0 2783880.0
242223.0 3333128.0
217310.0 2780648.0
213666.0 2755804.0
225819.0 3058376.0
226817.0 3055145.0
200001.0 2501346.0
246432.0 3509563.0
242288.0 3395634.0
226817.0 3055144.0
213882.0 2732568.0
210238.0 2707723.0
238795.0 3285047.0
228448.0 3068507.0
233497.0 3186986.0
236056.0 3264753.0
204693.0 2585445.0
237179.0 3245605.0
220205.0 2900328.0
219740.0 2922492.0
220051.0 2926134.0
236985.0 3241229.0
204693.0 2585445.0
251124.0 3593662.0
223944.0 2952051.0
224942.0 2948820.0
221514.0 2900739.0
236985.0 3241229.0
223944.0 2952051.0
240959.0 3271721.0
220205.0 2900328.0
249702.0 3593450.0
220051.0 2926134.0
221514.0 2900739.0
240959.0 3271721.0
237179.0 3245605.0
224942.0 2948820.0
219740.0 2922492.0
249702.0 3593450.0
251124.0 3593662.0
250114.0 3568182.0
252778.0 3666879.0
249015.0 3559256.0
244059.0 3474064.0
244653.0 3474972.0
256312.0 3751859.0
250219.0 3589112.0
252778.0 3666879.0
249015.0 3559256.0
259362.0 3775796.0
249855.0 3501300.0
246211.0 3476455.0
250114.0 3568182.0
253894.0 3594298.0
250219.0 3589112.0
248797.0 3588900.0
244653.0 3474972.0
249855.0 3501300.0
253894.0 3594298.0
246211.0 3476455.0
259362.0 3775796.0
244059.0 3474064.0
248797.0 3588900.0
256312.0 3751859.0
165762.0 1788729.0
171903.0 1883742.0
162169.0 1713556.0
158142.0 1604840.0
154654.0 1550597.0
172008.0 1904672.0
155556.0 1492395.0
161802.0 1608338.0
152068.0 1438152.0
163344.0 1631168.0
163344.0 1631168.0
161802.0 1608338.0
162779.0 1742504.0
169363.0 1851421.0
162674.0 1721574.0
153955.0 1528759.0
158647.0 1612858.0
174055.0 1935520.0
168820.0 1812666.0
168369.0 1798762.0
166423.0 1767349.0
151015.0 1444687.0
149916.0 1435761.0
167270.0 1789836.0
195724.0 2459687.0
201865.0 2554700.0
192131.0 2384514.0
188104.0 2275798.0
180472.0 2107627.0
197826.0 2461702.0
196229.0 2467705.0
198331.0 2469720.0
188597.0 2299534.0
189526.0 2276010.0
185933.0 2200837.0
202370.0 2562718.0
177886.0 1995182.0
180690.0 2077983.0
181925.0 2088180.0
179773.0 2085789.0
177898.0 1979464.0
178815.0 1971658.0
184834.0 2191911.0
201271.0 2553792.0
175327.0 1917415.0
174410.0 1925221.0
179878.0 2106719.0
197232.0 2460794.0
182284.0 2119648.0
184386.0 2121663.0
174652.0 1951477.0
175581.0 1927953.0
172093.0 1873710.0
188530.0 2235591.0
171573.0 1815296.0
177819.0 1931239.0
168085.0 1761053.0
179361.0 1954069.0
179361.0 1954069.0
177819.0 1931239.0
178291.0 2057387.0
181341.0 2081324.0
174147.0 1943459.0
166850.0 1750856.0
175076.0 1919935.0
189567.0 2250403.0
188876.0 2228565.0
187920.0 2206643.0
185974.0 2175230.0
171483.0 1844762.0
170889.0 1843854.0
187326.0 2205735.0
191180.0 2349227.0
188516.0 2250530.0
194714.0 2434207.0
183055.0 2157320.0
182461.0 2156412.0
187417.0 2241604.0
191180.0 2349227.0
188621.0 2271460.0
184613.0 2158803.0
188257.0 2183648.0
197764.0 2458144.0
187417.0 2241604.0
184613.0 2158803.0
192296.0 2276646.0
194714.0 2434207.0
187199.0 2271248.0
182461.0 2156412.0
197764.0 2458144.0
192296.0 2276646.0
188516.0 2250530.0
188257.0 2183648.0
183055.0 2157320.0
187199.0 2271248.0
188621.0 2271460.0
180989.0 2103288.0
197426.0 2465169.0
170278.0 1798936.0
169361.0 1806742.0
179567.0 2103076.0
196921.0 2457151.0
180884.0 2082358.0
197321.0 2444239.0
180379.0 2074340.0
194870.0 2404808.0
197772.0 2458143.0
196816.0 2436221.0
184485.0 2157531.0
188265.0 2183647.0
184485.0 2157531.0
183063.0 2157319.0
183063.0 2157319.0
188265.0 2183647.0
193733.0 2365145.0
193282.0 2351241.0
191336.0 2319828.0
175928.0 1997166.0
175423.0 1989148.0
192777.0 2343223.0
243504.0 3347897.0
221469.0 2961735.0
259049.0 3729206.0
241695.0 3375131.0
244278.0 3424823.0
203341.0 2530734.0
248843.0 3432872.0
211263.0 2665401.0
248843.0 3432872.0
249480.0 3451151.0
249480.0 3451151.0
208680.0 2615709.0
231445.0 3101218.0
231896.0 3115122.0
231251.0 3096843.0
213897.0 2742768.0
214091.0 2747143.0
229499.0 3069805.0
241869.0 3320127.0
219391.0 2920061.0
260191.0 3755503.0
244783.0 3432841.0
226461.0 2997465.0
203846.0 2538752.0
247648.0 3461825.0
225613.0 3075663.0
235084.0 3207128.0
217730.0 2853053.0
248422.0 3538751.0
207485.0 2644662.0
235589.0 3215146.0
226118.0 3083681.0
248153.0 3469843.0
231716.0 3107962.0
249844.0 3538963.0
195426.0 2397983.0
247959.0 3465468.0
231522.0 3103587.0
235395.0 3210771.0
218041.0 2856696.0
235633.0 3192725.0
236550.0 3184919.0
203413.0 2467581.0
184715.0 2093631.0
239133.0 3234611.0
238216.0 3242417.0
202496.0 2475387.0
197279.0 2348328.0
235484.0 3194216.0
226013.0 3062751.0
263593.0 3830222.0
247156.0 3468341.0
249739.0 3518033.0
195321.0 2377053.0
252882.0 3525870.0
215302.0 2758399.0
252882.0 3525870.0
253519.0 3544149.0
253519.0 3544149.0
212719.0 2708707.0
247543.0 3440895.0
248499.0 3462817.0
247854.0 3444538.0
231417.0 3082657.0
231106.0 3079014.0
245597.0 3409482.0
233344.0 3158428.0
222925.0 3005041.0
263725.0 3840483.0
249234.0 3510015.0
218853.0 2827960.0
194816.0 2369035.0
259554.0 3737224.0
243117.0 3375343.0
259049.0 3729206.0
241695.0 3375131.0
231489.0 3078797.0
232406.0 3070991.0
244009.0 3355915.0
227572.0 2994034.0
243504.0 3347897.0
244460.0 3369819.0
241558.0 3316484.0
227067.0 2986016.0
231445.0 3101218.0
231896.0 3115122.0
230940.0 3093200.0
213586.0 2739125.0
214091.0 2747143.0
229499.0 3069805.0
249488.0 3451151.0
245708.0 3425035.0
249488.0 3451151.0
244286.0 3424823.0
244286.0 3424823.0
245708.0 3425035.0
235204.0 3162205.0
198914.0 2452226.0
235010.0 3157830.0
221529.0 2910939.0
221218.0 2907296.0
210973.0 2698905.0
250749.0 3543514.0
198914.0 2452226.0
235010.0 3157830.0
221392.0 2852292.0
226420.0 2933624.0
216312.0 2783880.0
235204.0 3162205.0
238984.0 3188321.0
250749.0 3543514.0
249327.0 3543302.0
221218.0 2907296.0
226420.0 2933624.0
238984.0 3188321.0
216312.0 2783880.0
221392.0 2852292.0
221529.0 2910939.0
249327.0 3543302.0
210973.0 2698905.0
217997.0 2794510.0
195962.0 2408348.0
233542.0 3175819.0
216188.0 2821744.0
218771.0 2871436.0
177834.0 1977347.0
233437.0 3154889.0
195857.0 2387418.0
233437.0 3154889.0
234074.0 3173168.0
234074.0 3173168.0
193274.0 2337726.0
229592.0 3066266.0
230043.0 3080170.0
229398.0 3061891.0
212044.0 2707816.0
212238.0 2712191.0
227646.0 3034853.0
216956.0 2767648.0
194478.0 2367582.0
235278.0 3203024.0
219870.0 2880362.0
201548.0 2444986.0
178933.0 1986273.0
222735.0 2909346.0
200700.0 2523184.0
233231.0 3172176.0
215877.0 2818101.0
223509.0 2986272.0
182572.0 2092183.0
233126.0 3151246.0
200595.0 2502254.0
218591.0 2795418.0
216489.0 2793403.0
226985.0 3056233.0
196556.0 2409256.0
238175.0 3269725.0
232034.0 3174712.0
234136.0 3176727.0
216782.0 2822652.0
224414.0 2990823.0
228441.0 3099539.0
208857.0 2625232.0
192963.0 2334083.0
231024.0 3149231.0
219365.0 2872344.0
219365.0 2872344.0
186060.0 2146426.0
223025.0 2875842.0
190494.0 2226850.0
223930.0 2880393.0
221828.0 2878378.0
216779.0 2759899.0
186350.0 2112922.0
227969.0 2973391.0
190389.0 2205920.0
227969.0 2973391.0
228606.0 2991670.0
228606.0 2991670.0
187806.0 2156228.0
212529.0 2613012.0
214071.0 2635842.0
212529.0 2613012.0
206283.0 2497069.0
202795.0 2442826.0
214071.0 2635842.0
224567.0 2898672.0
191399.0 2231401.0
224567.0 2898672.0
220923.0 2873827.0
214196.0 2710207.0
182862.0 2058679.0
210377.0 2637362.0
204236.0 2542349.0
210482.0 2658292.0
193128.0 2304217.0
196616.0 2358460.0
200643.0 2467176.0
194937.0 2276983.0
188691.0 2161040.0
194937.0 2276983.0
196479.0 2299813.0
196479.0 2299813.0
185203.0 2106797.0
206532.0 2548739.0
206983.0 2562643.0
205433.0 2539813.0
188079.0 2185738.0
189178.0 2194664.0
204586.0 2517326.0
207526.0 2601398.0
200942.0 2492481.0
212218.0 2685497.0
196810.0 2362835.0
192118.0 2278736.0
200837.0 2471551.0
209362.0 2633250.0
193468.0 2342101.0
213207.0 2721873.0
216083.0 2800814.0
200643.0 2440435.0
181873.0 2070345.0
224907.0 3014559.0
193573.0 2363031.0
213312.0 2742803.0
216051.0 2763097.0
231491.0 3123476.0
197418.0 2451654.0
231634.0 3178179.0
238218.0 3287096.0
231529.0 3157249.0
222810.0 2964434.0
219870.0 2880362.0
235278.0 3203024.0
224588.0 2935819.0
202110.0 2535753.0
235278.0 3203024.0
219870.0 2880362.0
209180.0 2613157.0
186565.0 2154444.0
248553.0 3466376.0
226518.0 3080214.0
259049.0 3729206.0
241695.0 3375131.0
249327.0 3543302.0
208390.0 2649213.0
263088.0 3822204.0
230557.0 3173212.0
248553.0 3466376.0
246451.0 3464361.0
256947.0 3727191.0
226518.0 3080214.0
240028.0 3304677.0
233887.0 3209664.0
235989.0 3211679.0
218635.0 2857604.0
226267.0 3025775.0
230294.0 3134491.0
238819.0 3296190.0
222925.0 3005041.0
260986.0 3820189.0
249327.0 3543302.0
249327.0 3543302.0
216022.0 2817384.0
247959.0 3465468.0
225924.0 3079306.0
235395.0 3210771.0
218041.0 2856696.0
248733.0 3542394.0
207796.0 2648305.0
239434.0 3303769.0
229963.0 3172304.0
251998.0 3558466.0
235561.0 3196585.0
253689.0 3627586.0
199271.0 2486606.0
247959.0 3465468.0
231522.0 3103587.0
235395.0 3210771.0
218041.0 2856696.0
235633.0 3192725.0
236550.0 3184919.0
208462.0 2586060.0
189764.0 2212110.0
244182.0 3353090.0
243265.0 3360896.0
207545.0 2593866.0
202328.0 2466807.0
240533.0 3312695.0
231062.0 3181230.0
263593.0 3830222.0
247156.0 3468341.0
254788.0 3636512.0
200370.0 2495532.0
259554.0 3737224.0
227023.0 3088232.0
236494.0 3219697.0
234392.0 3217682.0
257452.0 3735209.0
227023.0 3088232.0
249058.0 3474394.0
246956.0 3472379.0
249058.0 3474394.0
232621.0 3112513.0
240253.0 3280684.0
239324.0 3304208.0
226760.0 3049511.0
219391.0 2920061.0
257452.0 3735209.0
250749.0 3543514.0
250749.0 3543514.0
203963.0 2570705.0
263399.0 3825847.0
246962.0 3463966.0
259360.0 3732849.0
242006.0 3378774.0
236538.0 3197276.0
237455.0 3189470.0
252903.0 3563017.0
236466.0 3201136.0
248864.0 3470019.0
246762.0 3468004.0
239130.0 3299833.0
240059.0 3276309.0
240339.0 3308320.0
234198.0 3213307.0
236300.0 3215322.0
218946.0 2861247.0
226578.0 3029418.0
230605.0 3138134.0
244158.0 3381165.0
246962.0 3463966.0
248197.0 3474163.0
246045.0 3471772.0
244170.0 3365447.0
245087.0 3357641.0
211950.0 2640303.0
193252.0 2266353.0
240038.0 3239162.0
239121.0 3246968.0
211033.0 2648109.0
205816.0 2521050.0
218853.0 2827960.0
195127.0 2372678.0
227378.0 2989659.0
211021.0 2663827.0
216049.0 2745159.0
208680.0 2615709.0
249545.0 3513658.0
246741.0 3430857.0
240038.0 3239162.0
239121.0 3246968.0
248628.0 3521464.0
250780.0 3523855.0
228613.0 2999856.0
212719.0 2708707.0
215060.0 2756825.0
217936.0 2835766.0
226461.0 2997465.0
207691.0 2627375.0
239042.0 3198743.0
206511.0 2549751.0
239947.0 3203294.0
237845.0 3201279.0
232796.0 3082800.0
202367.0 2435823.0
239947.0 3203294.0
202367.0 2435823.0
239947.0 3203294.0
240584.0 3221573.0
240584.0 3221573.0
199784.0 2386131.0
215982.0 2681216.0
217524.0 2704046.0
215982.0 2681216.0
209736.0 2565273.0
206248.0 2511030.0
217524.0 2704046.0
240584.0 3221573.0
207416.0 2554302.0
240584.0 3221573.0
236940.0 3196728.0
230213.0 3033108.0
198879.0 2381580.0
245609.0 3389167.0
213078.0 2740175.0
222549.0 2871640.0
220447.0 2869625.0
243507.0 3387152.0
213078.0 2740175.0
226693.0 2985568.0
217222.0 2854103.0
249753.0 3503095.0
233316.0 3141214.0
240948.0 3309385.0
186530.0 2168405.0
250658.0 3507646.0
234221.0 3145765.0
250658.0 3507646.0
248556.0 3505631.0
240924.0 3337460.0
241853.0 3313936.0
236804.0 3195457.0
190018.0 2222648.0
236804.0 3195457.0
243507.0 3387152.0
212815.0 2701454.0
205446.0 2572004.0
225489.0 2955712.0
216018.0 2824247.0
253598.0 3591718.0
237161.0 3229837.0
239744.0 3279529.0
185326.0 2138549.0
249454.0 3477790.0
211874.0 2710319.0
249454.0 3477790.0
250091.0 3496069.0
250091.0 3496069.0
209291.0 2660627.0
249143.0 3474147.0
250099.0 3496069.0
249454.0 3477790.0
233017.0 3115909.0
232706.0 3112266.0
247197.0 3442734.0
224448.0 2928850.0
214029.0 2775463.0
254829.0 3610905.0
240338.0 3280437.0
209957.0 2598382.0
185920.0 2139457.0
239063.0 3235890.0
222626.0 2874009.0
234919.0 3121962.0
232817.0 3119947.0
225185.0 2951776.0
226114.0 2928252.0
234014.0 3117411.0
217577.0 2755530.0
234608.0 3118319.0
235564.0 3140241.0
232662.0 3086906.0
218171.0 2756438.0
210954.0 2599884.0
212496.0 2622714.0
210954.0 2599884.0
204708.0 2483941.0
201220.0 2429698.0
212496.0 2622714.0
240294.0 3255077.0
225803.0 2924609.0
232068.0 3085998.0
229018.0 3062061.0
224874.0 2948133.0
217577.0 2755530.0
205013.0 2500833.0
181287.0 2045551.0
228978.0 3022911.0
212621.0 2697079.0
212310.0 2693436.0
204941.0 2563986.0
213550.0 2673555.0
189513.0 2214630.0
236299.0 3187439.0
250790.0 3517907.0
228041.0 3004023.0
217622.0 2850636.0
236299.0 3187439.0
250790.0 3517907.0
235705.0 3186531.0
243002.0 3379134.0
247146.0 3493062.0
250196.0 3516999.0
243469.0 3353379.0
209396.0 2681557.0
219504.0 2831301.0
216765.0 2811007.0
240419.0 3329442.0
209085.0 2677914.0
181013.0 2036718.0
174872.0 1941705.0
181118.0 2057648.0
163764.0 1703573.0
167252.0 1757816.0
171279.0 1866532.0
170912.0 1761314.0
164666.0 1645371.0
170912.0 1761314.0
172454.0 1784144.0
172454.0 1784144.0
161178.0 1591128.0
177479.0 1951738.0
177930.0 1965642.0
176380.0 1942812.0
159026.0 1588737.0
160125.0 1597663.0
175533.0 1920325.0
178473.0 2004397.0
171889.0 1895480.0
183165.0 2088496.0
167757.0 1765834.0
163065.0 1681735.0
171784.0 1874550.0
209122.0 2672724.0
202981.0 2577711.0
205083.0 2579726.0
187729.0 2225651.0
195361.0 2393822.0
199388.0 2502538.0
205588.0 2587744.0
203486.0 2585729.0
209627.0 2680742.0
193190.0 2318861.0
196783.0 2394034.0
195854.0 2417558.0
208528.0 2671816.0
192091.0 2309935.0
204489.0 2578818.0
187135.0 2224743.0
181667.0 2043245.0
182584.0 2035439.0
187947.0 2196007.0
185143.0 2113206.0
186072.0 2089682.0
185155.0 2097488.0
187030.0 2203813.0
189182.0 2206204.0
190043.0 2206435.0
187941.0 2204420.0
194187.0 2320363.0
177750.0 1958482.0
181238.0 2012725.0
180309.0 2036249.0
183476.0 2016011.0
177230.0 1900068.0
183476.0 2016011.0
185018.0 2038841.0
185018.0 2038841.0
173742.0 1845825.0
193577.0 2291415.0
194533.0 2313337.0
192983.0 2290507.0
176546.0 1928626.0
177140.0 1929534.0
191631.0 2260002.0
186998.0 2166096.0
183948.0 2142159.0
195224.0 2335175.0
180733.0 2004707.0
172507.0 1835628.0
179804.0 2028231.0
204683.0 2583193.0
188246.0 2221312.0
204178.0 2575175.0
186824.0 2221100.0
176618.0 1924766.0
177535.0 1916960.0
204578.0 2562263.0
188141.0 2200382.0
204073.0 2554245.0
205029.0 2576167.0
202127.0 2522832.0
187636.0 2192364.0
200539.0 2469265.0
200990.0 2483169.0
200034.0 2461247.0
182680.0 2107172.0
183185.0 2115190.0
198593.0 2437852.0
195522.0 2301671.0
191742.0 2275555.0
195522.0 2301671.0
190320.0 2275343.0
190320.0 2275343.0
191742.0 2275555.0
195773.0 2368553.0
198437.0 2467250.0
194674.0 2359627.0
189718.0 2274435.0
190312.0 2275343.0
201971.0 2552230.0
195878.0 2389483.0
198437.0 2467250.0
194674.0 2359627.0
205021.0 2576167.0
195514.0 2301671.0
191870.0 2276826.0
195773.0 2368553.0
199553.0 2394669.0
195878.0 2389483.0
194456.0 2389271.0
190312.0 2275343.0
195514.0 2301671.0
199553.0 2394669.0
191870.0 2276826.0
205021.0 2576167.0
189718.0 2274435.0
194456.0 2389271.0
201971.0 2552230.0
241402.0 3345883.0
225508.0 3054734.0
260986.0 3820190.0
249327.0 3543303.0
248422.0 3538752.0
215117.0 2812834.0
246741.0 3430858.0
215407.0 2779330.0
235340.0 3163477.0
238984.0 3188322.0
253519.0 3544150.0
220351.0 2876879.0
217748.0 2827448.0
225431.0 2945291.0
233188.0 3187827.0
225673.0 3024868.0
220624.0 2906389.0
235927.0 3208121.0
248491.0 3462818.0
225819.0 3058377.0
244452.0 3369820.0
244589.0 3428467.0
248733.0 3542395.0
210379.0 2697998.0
241402.0 3345883.0
225508.0 3054734.0
232877.0 3184184.0
221218.0 2907297.0
244278.0 3424824.0
210973.0 2698906.0
229343.0 3099204.0
221974.0 2969754.0
241907.0 3353901.0
235204.0 3162206.0
249739.0 3518034.0
202953.0 2545225.0
241713.0 3349526.0
239049.0 3250829.0
233188.0 3187827.0
221529.0 2910940.0
244589.0 3428467.0
249545.0 3513659.0
238144.0 3246278.0
201854.0 2536299.0
234105.0 3153280.0
220624.0 2906389.0
220624.0 2906389.0
210379.0 2697998.0
229343.0 3099204.0
221974.0 2969754.0
257452.0 3735210.0
250749.0 3543515.0
249844.0 3538964.0
203058.0 2566155.0
246741.0 3430858.0
215407.0 2779330.0
222776.0 2908780.0
226420.0 2933625.0
249480.0 3451152.0
216312.0 2783881.0
217748.0 2827448.0
221392.0 2852293.0
241713.0 3349526.0
239154.0 3271759.0
234105.0 3153280.0
244452.0 3369820.0
235927.0 3208121.0
225819.0 3058377.0
235927.0 3208121.0
249545.0 3513659.0
253689.0 3627587.0
201854.0 2536299.0
260035.0 3784902.0
257371.0 3686205.0
263569.0 3869882.0
251910.0 3592995.0
251316.0 3592087.0
256272.0 3677279.0
260035.0 3784902.0
257476.0 3707135.0
253468.0 3594478.0
257112.0 3619323.0
266619.0 3893819.0
256272.0 3677279.0
253468.0 3594478.0
261151.0 3712321.0
263569.0 3869882.0
256054.0 3706923.0
251316.0 3592087.0
266619.0 3893819.0
261151.0 3712321.0
257371.0 3686205.0
257112.0 3619323.0
251910.0 3592995.0
256054.0 3706923.0
257476.0 3707135.0
242836.0 3330377.0
206546.0 2620398.0
242642.0 3326002.0
229161.0 3079111.0
228850.0 3075468.0
218605.0 2867077.0
258381.0 3711686.0
206546.0 2620398.0
242642.0 3326002.0
229024.0 3020464.0
234052.0 3101796.0
223944.0 2952052.0
242836.0 3330377.0
246616.0 3356493.0
258381.0 3711686.0
256959.0 3711474.0
228850.0 3075468.0
234052.0 3101796.0
246616.0 3356493.0
223944.0 2952052.0
229024.0 3020464.0
229161.0 3079111.0
256959.0 3711474.0
218605.0 2867077.0
