113910.0 1427700.0
119112.0 1454028.0
113910.0 1427700.0
115332.0 1427912.0
115332.0 1427912.0
119112.0 1454028.0
105684.0 1258621.0
120987.0 1560353.0
110422.0 1373457.0
117937.0 1536416.0
107836.0 1261012.0
115519.0 1378855.0
106278.0 1259529.0
117937.0 1536416.0
105684.0 1258621.0
110640.0 1343813.0
111739.0 1352739.0
114403.0 1451436.0
107836.0 1261012.0
111480.0 1285857.0
114403.0 1451436.0
111844.0 1373669.0
110640.0 1343813.0
120987.0 1560353.0
129376.0 1257514.0
134578.0 1283842.0
129376.0 1257514.0
130798.0 1257726.0
130798.0 1257726.0
134578.0 1283842.0
122249.0 1097361.0
137657.0 1420023.0
121744.0 1089343.0
139098.0 1443418.0
128892.0 1147084.0
126946.0 1115671.0
125888.0 1203271.0
143242.0 1557346.0
115682.0 906937.0
116599.0 899131.0
127310.0 1203483.0
143747.0 1565364.0
132931.0 1240082.0
130985.0 1208669.0
143642.0 1544434.0
127205.0 1182553.0
126700.0 1174535.0
141191.0 1505003.0
104746.0 905666.0
120154.0 1228328.0
103647.0 896740.0
121001.0 1250815.0
120896.0 1229885.0
118950.0 1198472.0
112378.0 1073837.0
127786.0 1396499.0
107686.0 989738.0
116405.0 1182553.0
116510.0 1203483.0
123094.0 1312400.0
111873.0 1065819.0
115900.0 1174535.0
108385.0 1011576.0
125739.0 1365651.0
125634.0 1344721.0
119493.0 1249708.0
105799.0 899131.0
117075.0 1092147.0
109287.0 953374.0
115533.0 1069317.0
115428.0 1048387.0
113482.0 1016974.0
121738.0 1227208.0
139092.0 1581283.0
116270.0 1045710.0
117187.0 1037904.0
126694.0 1312400.0
143131.0 1674281.0
122332.0 1228116.0
139686.0 1582191.0
129964.0 1396287.0
133991.0 1505003.0
137584.0 1580176.0
143725.0 1675189.0
121633.0 1206278.0
123785.0 1208669.0
119758.0 1099953.0
120675.0 1092147.0
122550.0 1198472.0
119746.0 1115671.0
138089.0 1588194.0
140191.0 1590209.0
130457.0 1420023.0
131386.0 1396499.0
127793.0 1321326.0
144230.0 1683207.0
119979.0 1237691.0
118033.0 1206278.0
124123.0 1351619.0
107686.0 989738.0
108280.0 990646.0
122771.0 1321114.0
110472.0 963195.0
108526.0 931782.0
114616.0 1077123.0
108370.0 961180.0
104882.0 906937.0
116158.0 1099953.0
121183.0 1267547.0
119081.0 1265532.0
125327.0 1381475.0
108890.0 1019594.0
112378.0 1073837.0
111449.0 1097361.0
115088.0 1203271.0
118138.0 1227208.0
110944.0 1089343.0
103647.0 896740.0
111873.0 1065819.0
126364.0 1396287.0
